0:
- cam_R_m2c: [0.17077578, -0.98530992, -0.00001094, -0.94695303, -0.16412462, -0.27630250, 0.27224179, 0.04719613, -0.96107072]
  cam_t_m2c: [-231.30848951, 243.98149958, 1453.20150663]
  obj_bb: [232, 330, 87, 72]
  obj_id: 1
1:
- cam_R_m2c: [0.68957785, -0.72421156, -0.00001492, -0.60762045, -0.57855123, -0.54412853, 0.39405554, 0.37522805, -0.83900187]
  cam_t_m2c: [-301.15473910, 138.51931816, 1090.16921227]
  obj_bb: [170, 313, 123, 114]
  obj_id: 1
2:
- cam_R_m2c: [-0.11165247, 0.99374731, 0.00001032, 0.94596840, 0.10628745, -0.30634421, -0.30442983, -0.03419433, -0.95192081]
  cam_t_m2c: [219.20324695, -137.47574380, 1559.79519354]
  obj_bb: [397, 190, 78, 63]
  obj_id: 1
3:
- cam_R_m2c: [0.24129984, 0.97045061, 0.00000581, 0.91660181, -0.22790852, -0.32847956, -0.31877187, 0.07926740, -0.94451108]
  cam_t_m2c: [132.61285561, -191.17166547, 1282.91195292]
  obj_bb: [377, 156, 96, 84]
  obj_id: 1
4:
- cam_R_m2c: [0.72331688, 0.69051625, -0.00000258, 0.68405116, -0.71654520, -0.13651738, -0.09426931, 0.09874356, -0.99063768]
  cam_t_m2c: [-33.89045905, -270.84544005, 1282.61673750]
  obj_bb: [306, 124, 91, 99]
  obj_id: 1
5:
- cam_R_m2c: [-0.97862126, -0.20567066, 0.00003073, -0.20248304, 0.96342771, -0.17552114, 0.03606994, -0.17177494, -0.98447566]
  cam_t_m2c: [-178.66202696, 52.50597882, 1199.52706679]
  obj_bb: [232, 261, 91, 114]
  obj_id: 1
6:
- cam_R_m2c: [0.46488645, 0.88537031, 0.00000474, 0.86016114, -0.45164846, -0.23693137, -0.20976986, 0.11015026, -0.97152639]
  cam_t_m2c: [127.20053942, 170.83448370, 1365.34754054]
  obj_bb: [370, 314, 89, 93]
  obj_id: 1
7:
- cam_R_m2c: [0.45577382, -0.89009563, -0.00003635, -0.85018113, -0.43532349, -0.29611739, 0.26355697, 0.13499346, -0.95515155]
  cam_t_m2c: [30.22809816, -109.26992009, 1353.75156042]
  obj_bb: [336, 194, 103, 89]
  obj_id: 1
8:
- cam_R_m2c: [0.81783593, 0.57545147, -0.00001456, 0.54066139, -0.76840067, -0.34241156, -0.19705242, 0.28002860, -0.93955007]
  cam_t_m2c: [170.99589378, 120.36920535, 1023.68365721]
  obj_bb: [414, 312, 117, 129]
  obj_id: 1
9:
- cam_R_m2c: [0.82653984, 0.56287822, -0.00001515, 0.52990190, -0.77812593, -0.33722990, -0.18983116, 0.27872592, -0.94142232]
  cam_t_m2c: [171.81094948, 116.95859573, 1241.03247372]
  obj_bb: [398, 296, 95, 105]
  obj_id: 1
10:
- cam_R_m2c: [-0.71896715, -0.69504406, 0.00000181, -0.63918725, 0.66118675, -0.39277440, 0.27299432, -0.28239305, -0.91963486]
  cam_t_m2c: [-30.68542353, -180.73303144, 1384.82617784]
  obj_bb: [307, 163, 84, 104]
  obj_id: 1
11:
- cam_R_m2c: [-0.31391168, 0.94945219, 0.00004398, 0.88574782, 0.29286617, -0.36011138, -0.34192142, -0.11300421, -0.93290932]
  cam_t_m2c: [-241.32876106, 212.93860703, 1293.32619105]
  obj_bb: [211, 330, 114, 84]
  obj_id: 1
12:
- cam_R_m2c: [-0.95112165, 0.30881646, 0.00004489, 0.28702458, 0.88405860, -0.36885944, -0.11394955, -0.35081731, -0.92948519]
  cam_t_m2c: [-264.04431458, -23.68692935, 1013.48442177]
  obj_bb: [168, 234, 119, 121]
  obj_id: 1
13:
- cam_R_m2c: [0.30641815, 0.95189701, 0.00002172, 0.92012239, -0.29618396, -0.25622227, -0.24389078, 0.07853114, -0.96661789]
  cam_t_m2c: [-106.20255510, 306.64956077, 1317.18366727]
  obj_bb: [276, 374, 93, 93]
  obj_id: 1
14:
- cam_R_m2c: [-0.98135718, -0.19219283, 0.00002874, -0.18463108, 0.94270454, -0.27788399, 0.05338022, -0.27270875, -0.96061464]
  cam_t_m2c: [-179.50852797, -155.78288622, 1461.77287142]
  obj_bb: [248, 179, 73, 96]
  obj_id: 1
15:
- cam_R_m2c: [-0.96237369, 0.27172941, 0.00002705, 0.24945454, 0.88352310, -0.39643330, -0.10774649, -0.38151023, -0.91806353]
  cam_t_m2c: [-122.11252158, -31.98906665, 1258.94405267]
  obj_bb: [260, 230, 91, 99]
  obj_id: 1
16:
- cam_R_m2c: [0.88854652, 0.45878653, -0.00001954, 0.43303382, -0.83868450, -0.33028778, -0.15154797, 0.29346760, -0.94388028]
  cam_t_m2c: [5.91133237, 229.41575520, 1459.09921483]
  obj_bb: [322, 331, 76, 90]
  obj_id: 1
17:
- cam_R_m2c: [0.67940503, 0.73376345, -0.00001198, 0.65760915, -0.60889961, -0.44361185, -0.32551346, 0.30138425, -0.89621902]
  cam_t_m2c: [-53.13123644, 236.63241815, 1040.53501498]
  obj_bb: [292, 372, 114, 130]
  obj_id: 1
18:
- cam_R_m2c: [0.71687461, 0.69720212, -0.00001324, 0.64273535, -0.66087835, -0.38746752, -0.27015192, 0.27775712, -0.92188336]
  cam_t_m2c: [-44.46557269, 231.87702469, 1403.34366131]
  obj_bb: [302, 335, 83, 94]
  obj_id: 1
19:
- cam_R_m2c: [0.03571829, -0.99936190, -0.00000866, -0.98840274, -0.03532532, -0.14768936, 0.14759482, 0.00528377, -0.98903380]
  cam_t_m2c: [153.45746168, -48.28867348, 1046.99508087]
  obj_bb: [402, 208, 124, 95]
  obj_id: 1
20:
- cam_R_m2c: [-0.44673231, 0.89466767, 0.00001822, 0.89034015, 0.44457346, -0.09822859, -0.08789004, -0.04386566, -0.99516388]
  cam_t_m2c: [31.00980911, 136.42099869, 1474.72031926]
  obj_bb: [327, 292, 92, 75]
  obj_id: 1
21:
- cam_R_m2c: [-0.99400185, 0.10936322, 0.00003214, 0.10684552, 0.97118107, -0.21305249, -0.02333132, -0.21177114, -0.97704075]
  cam_t_m2c: [-81.67832245, 130.47989493, 1337.63666049]
  obj_bb: [282, 296, 77, 93]
  obj_id: 1
22:
- cam_R_m2c: [-0.99772258, -0.06745113, 0.00003153, -0.06428941, 0.95081346, -0.30301919, 0.02040901, -0.30233112, -0.95298445]
  cam_t_m2c: [-96.17807635, 131.42694354, 1396.72372757]
  obj_bb: [278, 292, 71, 95]
  obj_id: 1
23:
- cam_R_m2c: [0.96021168, 0.27927321, -0.00002945, 0.27873377, -0.95836348, -0.06202357, -0.01734975, 0.05954755, -0.99807468]
  cam_t_m2c: [109.73025283, -38.88772257, 1324.77950377]
  obj_bb: [368, 226, 81, 98]
  obj_id: 1
24:
- cam_R_m2c: [-0.77916908, 0.62681381, 0.00002743, 0.58289323, 0.72458912, -0.36770380, -0.23050169, -0.28648744, -0.92994296]
  cam_t_m2c: [-20.68906826, 185.23456120, 1191.25901717]
  obj_bb: [303, 330, 112, 105]
  obj_id: 1
25:
- cam_R_m2c: [0.69625513, 0.71779440, 0.00000388, 0.62582678, -0.60704459, -0.48973229, -0.35152474, 0.34098105, -0.87187286]
  cam_t_m2c: [116.29351615, 108.76467712, 1189.39147646]
  obj_bb: [372, 292, 99, 104]
  obj_id: 1
26:
- cam_R_m2c: [-0.99349995, 0.11383255, 0.00002520, 0.10615694, 0.92658910, -0.36078158, -0.04109204, -0.35843381, -0.93265034]
  cam_t_m2c: [-80.01601377, 152.20571568, 1083.88476396]
  obj_bb: [274, 320, 94, 119]
  obj_id: 1
27:
- cam_R_m2c: [-0.60778908, -0.79409851, -0.00000729, -0.73967042, 0.56613411, -0.36384041, 0.28892926, -0.22113283, -0.93146130]
  cam_t_m2c: [-114.16431630, 50.17025347, 1570.86539926]
  obj_bb: [280, 253, 77, 90]
  obj_id: 1
28:
- cam_R_m2c: [-0.91533839, 0.40268553, 0.00003105, 0.39151325, 0.88996088, -0.23385255, -0.09419667, -0.21404206, -0.97227207]
  cam_t_m2c: [-51.23599536, 149.28648313, 1034.32413469]
  obj_bb: [284, 323, 121, 120]
  obj_id: 1
29:
- cam_R_m2c: [-0.99716613, -0.07523102, 0.00002031, -0.07359473, 0.97542148, -0.20769390, 0.01560521, -0.20710681, -0.97819387]
  cam_t_m2c: [-94.61754297, 108.98176780, 957.27521307]
  obj_bb: [258, 302, 106, 137]
  obj_id: 1
30:
- cam_R_m2c: [-0.42284894, 0.90620019, 0.00000339, 0.85028105, 0.39675738, -0.34584059, -0.31340216, -0.14623544, -0.93829328]
  cam_t_m2c: [239.12540125, -145.79469780, 1021.46776606]
  obj_bb: [446, 161, 128, 112]
  obj_id: 1
31:
- cam_R_m2c: [-0.99988799, -0.01496673, 0.00001833, -0.01463618, 0.97754732, -0.21020708, 0.00312820, -0.21018381, -0.97765688]
  cam_t_m2c: [307.47076898, 163.79771601, 1214.02636136]
  obj_bb: [462, 314, 79, 104]
  obj_id: 1
32:
- cam_R_m2c: [-0.59486284, 0.80382722, 0.00001106, 0.75651395, 0.55985387, -0.33800930, -0.27170727, -0.20106080, -0.94114277]
  cam_t_m2c: [280.08939350, -98.87653154, 1304.79188641]
  obj_bb: [435, 199, 102, 92]
  obj_id: 1
33:
- cam_R_m2c: [-0.88300568, -0.46936229, 0.00001610, -0.45655932, 0.85891166, -0.23200075, 0.10887858, -0.20486533, -0.97271561]
  cam_t_m2c: [216.99449470, 290.69632202, 1070.25333943]
  obj_bb: [433, 385, 108, 132]
  obj_id: 1
34:
- cam_R_m2c: [-0.04329706, -0.99906224, 0.00000060, -0.97814503, 0.04239043, -0.20355676, 0.20336584, -0.00881399, -0.97906315]
  cam_t_m2c: [-106.05117447, 348.66552853, 1270.81347789]
  obj_bb: [274, 390, 93, 79]
  obj_id: 1
35:
- cam_R_m2c: [-0.87455300, 0.48492994, 0.00002328, 0.47744911, 0.86106999, -0.17493089, -0.08484927, -0.15297522, -0.98458071]
  cam_t_m2c: [222.35701482, -254.12968028, 1070.52957838]
  obj_bb: [432, 113, 121, 118]
  obj_id: 1
36:
- cam_R_m2c: [-0.95685131, 0.29057800, 0.00002351, 0.28594452, 0.94160799, -0.17779237, -0.05168469, -0.17011414, -0.98406802]
  cam_t_m2c: [279.09832392, -201.03309034, 1509.02871950]
  obj_bb: [421, 170, 78, 82]
  obj_id: 1
37:
- cam_R_m2c: [0.58858603, -0.80843459, -0.00002166, -0.73406351, -0.53442847, -0.41897133, 0.33869933, 0.24661657, -0.90799946]
  cam_t_m2c: [-77.70260169, 411.65686340, 967.74176555]
  obj_bb: [283, 446, 140, 66]
  obj_id: 1
38:
- cam_R_m2c: [-0.72452642, 0.68924703, 0.00002317, 0.67584049, 0.71044027, -0.19625048, -0.13528152, -0.14217300, -0.98055380]
  cam_t_m2c: [141.30367541, -294.20918192, 1386.13002062]
  obj_bb: [372, 124, 97, 90]
  obj_id: 1
39:
- cam_R_m2c: [0.49990199, 0.86608198, -0.00000064, 0.84769483, -0.48928909, -0.20496260, -0.17751473, 0.10246067, -0.97876981]
  cam_t_m2c: [-297.72926095, -171.31749674, 1230.48966256]
  obj_bb: [188, 162, 103, 98]
  obj_id: 1
40:
- cam_R_m2c: [-0.04144628, -0.99914073, -0.00001859, -0.95246340, 0.03951563, -0.30207944, 0.30182061, -0.01250237, -0.95328275]
  cam_t_m2c: [16.78645747, 54.50004099, 1431.89487862]
  obj_bb: [326, 257, 83, 72]
  obj_id: 1
41:
- cam_R_m2c: [-0.99936108, 0.03574108, 0.00001592, 0.03465000, 0.96896212, -0.24476883, -0.00876373, -0.24461189, -0.96958147]
  cam_t_m2c: [-6.65579438, 33.06414649, 1273.50017516]
  obj_bb: [314, 254, 76, 101]
  obj_id: 1
42:
- cam_R_m2c: [0.56722444, -0.82356325, -0.00002482, -0.76309675, -0.52556715, -0.37611504, 0.30974148, 0.21336059, -0.92657297]
  cam_t_m2c: [17.47513315, 80.21311400, 1428.16206033]
  obj_bb: [332, 272, 97, 85]
  obj_id: 1
43:
- cam_R_m2c: [-0.03429275, -0.99941183, -0.00001911, -0.89235647, 0.03062798, -0.45029086, 0.45002659, -0.01542466, -0.89288193]
  cam_t_m2c: [16.83437978, 84.91182324, 1061.75294340]
  obj_bb: [328, 280, 112, 99]
  obj_id: 1
44:
- cam_R_m2c: [-0.46974123, -0.88280415, -0.00001019, -0.88028347, 0.46840084, -0.07550935, 0.06666474, -0.03546089, -0.99714509]
  cam_t_m2c: [12.21144533, 1.92287179, 1458.94868102]
  obj_bb: [324, 235, 83, 88]
  obj_id: 1
45:
- cam_R_m2c: [-0.52034413, 0.85395666, 0.00001352, 0.76390631, 0.46548054, -0.44696198, -0.38169246, -0.23256371, -0.89455295]
  cam_t_m2c: [-89.20162225, 457.67395433, 892.87168725]
  obj_bb: [252, 468, 66, 23]
  obj_id: 1
46:
- cam_R_m2c: [-0.87662093, -0.48118161, 0.00000655, -0.43349299, 0.78973548, -0.43405264, 0.20885297, -0.38050247, -0.90088751]
  cam_t_m2c: [-414.45267850, 24.02094285, 1239.87186068]
  obj_bb: [133, 247, 102, 118]
  obj_id: 1
47:
- cam_R_m2c: [0.69653333, 0.71752444, -0.00000231, 0.65129732, -0.63224502, -0.41961652, -0.30108657, 0.29227539, -0.90770148]
  cam_t_m2c: [375.43372914, 256.37176368, 1373.39003393]
  obj_bb: [471, 347, 92, 96]
  obj_id: 1
48:
- cam_R_m2c: [0.86859482, 0.49552300, -0.00000633, 0.44504020, -0.78010989, -0.43973605, -0.21790427, 0.38194963, -0.89812706]
  cam_t_m2c: [413.23769400, 158.14744297, 1096.96152304]
  obj_bb: [532, 324, 114, 115]
  obj_id: 1
49:
- cam_R_m2c: [-0.67252700, 0.74007259, 0.00001463, 0.70488587, 0.64055775, -0.30466652, -0.22548471, -0.20488615, -0.95245909]
  cam_t_m2c: [-165.32748687, 429.61629945, 1347.05490484]
  obj_bb: [245, 418, 106, 89]
  obj_id: 1
50:
- cam_R_m2c: [-0.99971551, 0.02385170, -0.00000520, 0.02315721, 0.97055467, -0.23976524, -0.00571376, -0.23969714, -0.97083090]
  cam_t_m2c: [-57.55626688, 32.98203165, 1129.73390912]
  obj_bb: [288, 256, 85, 114]
  obj_id: 1
51:
- cam_R_m2c: [-0.64861277, -0.76111856, 0.00002386, -0.74323155, 0.63336300, -0.21554160, 0.16403760, -0.13982077, -0.97649466]
  cam_t_m2c: [-23.98086244, -9.90960390, 1453.38639317]
  obj_bb: [310, 230, 82, 97]
  obj_id: 1
52:
- cam_R_m2c: [-0.13931916, 0.99024753, -0.00003596, 0.93959642, 0.13218153, -0.31573186, -0.31264794, -0.04402128, -0.94884845]
  cam_t_m2c: [-25.00116311, 115.12219050, 1151.87202114]
  obj_bb: [304, 294, 114, 85]
  obj_id: 1
53:
- cam_R_m2c: [-0.73849028, 0.67426412, -0.00002770, 0.63142100, 0.69155178, -0.35080430, -0.23651559, -0.25908306, -0.93644879]
  cam_t_m2c: [-53.81447107, 94.95240360, 1039.69210339]
  obj_bb: [282, 294, 133, 119]
  obj_id: 1
54:
- cam_R_m2c: [-0.98869489, -0.14994140, 0.00000039, -0.13543620, 0.89304829, -0.42909414, 0.06433862, -0.42424323, -0.90325977]
  cam_t_m2c: [-53.93607568, 63.44030865, 1034.89831073]
  obj_bb: [286, 273, 100, 134]
  obj_id: 1
55:
- cam_R_m2c: [0.99980483, 0.01975622, -0.00001278, 0.01925878, -0.97477446, -0.22235972, -0.00440544, 0.22231607, -0.97496469]
  cam_t_m2c: [367.16054781, 121.70041681, 1354.84646484]
  obj_bb: [476, 290, 79, 88]
  obj_id: 1
56:
- cam_R_m2c: [-0.79475969, 0.60692424, 0.00001530, 0.50489839, 0.66117209, -0.55491358, -0.33680062, -0.44101522, -0.83190800]
  cam_t_m2c: [-336.41264310, 250.75514836, 944.54774123]
  obj_bb: [113, 394, 150, 137]
  obj_id: 1
57:
- cam_R_m2c: [-0.84573140, 0.53360884, 0.00001536, 0.52638774, 0.83429121, -0.16393328, -0.08748907, -0.13863544, -0.98647143]
  cam_t_m2c: [-349.95719614, 167.42253520, 1460.34872137]
  obj_bb: [180, 305, 95, 84]
  obj_id: 1
58:
- cam_R_m2c: [-0.83464308, 0.55079118, 0.00001536, 0.50687894, 0.76811145, -0.39125254, -0.21551024, -0.32654844, -0.92028335]
  cam_t_m2c: [-347.09898615, 210.82027505, 1139.01400119]
  obj_bb: [143, 348, 122, 109]
  obj_id: 1
59:
- cam_R_m2c: [0.96983443, 0.24376459, -0.00001067, 0.23761888, -0.94539306, -0.22309017, -0.05439157, 0.21635799, -0.97479781]
  cam_t_m2c: [340.08351200, 200.24245558, 921.98035588]
  obj_bb: [531, 368, 128, 149]
  obj_id: 1
60:
- cam_R_m2c: [-0.46324326, -0.88623117, -0.00000964, -0.87591679, 0.45785346, -0.15211834, 0.13481643, -0.07045935, -0.98836229]
  cam_t_m2c: [-172.24179408, 16.42011798, 1200.72390095]
  obj_bb: [241, 240, 104, 109]
  obj_id: 1
61:
- cam_R_m2c: [-0.87125458, 0.49083139, 0.00002929, 0.43653159, 0.77489654, -0.45713841, -0.22440058, -0.39827114, -0.88939557]
  cam_t_m2c: [-9.02416242, 245.73018569, 893.19985319]
  obj_bb: [306, 400, 145, 143]
  obj_id: 1
62:
- cam_R_m2c: [-0.18547337, 0.98264929, 0.00002584, 0.93806857, 0.17706666, -0.29778307, -0.29262090, -0.05520659, -0.95463356]
  cam_t_m2c: [126.25348890, 172.75822874, 1437.99243472]
  obj_bb: [366, 305, 88, 70]
  obj_id: 1
63:
- cam_R_m2c: [0.43810684, 0.89892291, 0.00001085, 0.84846303, -0.41351029, -0.33033277, -0.29693920, 0.14473025, -0.94386454]
  cam_t_m2c: [171.76699471, 84.82606892, 1456.52283670]
  obj_bb: [384, 273, 84, 82]
  obj_id: 1
64:
- cam_R_m2c: [-0.42292527, -0.90616456, -0.00001133, -0.86184816, 0.40224578, -0.30889493, 0.27991420, -0.13062970, -0.95109617]
  cam_t_m2c: [-171.41838959, 41.23005681, 1548.48439803]
  obj_bb: [259, 250, 80, 85]
  obj_id: 1
65:
- cam_R_m2c: [0.59902531, 0.80073009, -0.00000750, 0.75310442, -0.56339979, -0.33972695, -0.27203382, 0.20349940, -0.94052411]
  cam_t_m2c: [-323.45706969, -147.48492960, 1290.25748205]
  obj_bb: [184, 176, 97, 93]
  obj_id: 1
66:
- cam_R_m2c: [-0.92819145, 0.37210299, 0.00001069, 0.35480375, 0.88504805, -0.30133744, -0.11213802, -0.27969504, -0.95351757]
  cam_t_m2c: [305.36064889, -180.68085228, 1546.21586238]
  obj_bb: [428, 180, 80, 79]
  obj_id: 1
67:
- cam_R_m2c: [0.77173912, -0.63593925, -0.00000867, -0.59511407, -0.72219123, -0.35253235, 0.22418290, 0.27206817, -0.93579963]
  cam_t_m2c: [-214.23843411, 383.55371068, 957.60432224]
  obj_bb: [200, 438, 139, 82]
  obj_id: 1
68:
- cam_R_m2c: [0.55801113, -0.82983346, -0.00000603, -0.79454984, -0.53428300, -0.28849997, 0.23940371, 0.16099099, -0.95747990]
  cam_t_m2c: [-109.97800984, 423.14108886, 1095.47099439]
  obj_bb: [270, 440, 123, 79]
  obj_id: 1
69:
- cam_R_m2c: [0.71300713, 0.70115678, -0.00000886, 0.69481002, -0.70655479, -0.13423619, -0.09412688, 0.09570521, -0.99094937]
  cam_t_m2c: [-354.41320688, -149.53580527, 1381.56526379]
  obj_bb: [178, 182, 91, 94]
  obj_id: 1
70:
- cam_R_m2c: [-0.99806506, -0.06217818, 0.00002073, -0.06114459, 0.98141365, -0.18190267, 0.01129003, -0.18155197, -0.98331654]
  cam_t_m2c: [182.67460179, -104.66270335, 1493.56128876]
  obj_bb: [386, 200, 63, 90]
  obj_id: 1
71:
- cam_R_m2c: [0.85057109, -0.52586007, -0.00001934, -0.48151235, -0.77882452, -0.40196794, 0.21136383, 0.34191162, -0.91565374]
  cam_t_m2c: [-66.05332623, 285.15665059, 885.47008704]
  obj_bb: [286, 414, 149, 129]
  obj_id: 1
72:
- cam_R_m2c: [0.84544758, -0.53405841, -0.00001925, -0.48251996, -0.76384357, -0.42862278, 0.22889489, 0.36238738, -0.90348354]
  cam_t_m2c: [-63.89561493, 288.38831970, 1158.15646347]
  obj_bb: [296, 382, 113, 109]
  obj_id: 1
73:
- cam_R_m2c: [-0.74266589, -0.66966213, 0.00001364, -0.64172405, 0.71167630, -0.28584453, 0.19140954, -0.21229574, -0.95827601]
  cam_t_m2c: [232.45205983, 58.73263126, 1466.47723190]
  obj_bb: [407, 258, 82, 99]
  obj_id: 1
74:
- cam_R_m2c: [-0.48280682, 0.87572688, 0.00001264, 0.80856605, 0.44578517, -0.38405276, -0.33633096, -0.18541308, -0.92331115]
  cam_t_m2c: [-51.88200371, -131.75054923, 1365.89380264]
  obj_bb: [294, 187, 103, 86]
  obj_id: 1
75:
- cam_R_m2c: [0.99990995, -0.01341975, -0.00002584, -0.01296185, -0.96528947, -0.26086055, 0.00347574, 0.26083739, -0.96537649]
  cam_t_m2c: [-29.18403548, 148.12549410, 1226.68336095]
  obj_bb: [309, 308, 78, 98]
  obj_id: 1
76:
- cam_R_m2c: [0.71745944, -0.69660028, -0.00004888, -0.68305260, -0.70349231, -0.19631025, 0.13671539, 0.14087803, -0.98054183]
  cam_t_m2c: [46.75324575, 129.75702191, 1156.34474025]
  obj_bb: [350, 303, 120, 102]
  obj_id: 1
77:
- cam_R_m2c: [0.67442805, 0.73834057, 0.00001588, 0.64341575, -0.58770960, -0.49052381, -0.36216429, 0.33083324, -0.87142779]
  cam_t_m2c: [-93.33161471, 137.22057242, 1185.09406484]
  obj_bb: [277, 305, 100, 104]
  obj_id: 1
78:
- cam_R_m2c: [0.72093088, -0.69300698, -0.00004881, -0.63937740, -0.66511319, -0.38577323, 0.26731108, 0.27814704, -0.92259363]
  cam_t_m2c: [46.29325429, 162.86064447, 1423.12739341]
  obj_bb: [344, 306, 97, 85]
  obj_id: 1
79:
- cam_R_m2c: [-0.41470551, -0.90995568, -0.00003000, -0.88340119, 0.40261140, -0.23980490, 0.21822391, -0.09942191, -0.97082110]
  cam_t_m2c: [102.31848778, 35.65958586, 1272.52969222]
  obj_bb: [362, 249, 96, 102]
  obj_id: 1
80:
- cam_R_m2c: [-0.67803085, -0.73503345, 0.00002674, -0.61718277, 0.56929986, -0.54312346, 0.39919869, -0.36827096, -0.83965285]
  cam_t_m2c: [57.38264985, 11.96245106, 1078.68971972]
  obj_bb: [348, 242, 110, 130]
  obj_id: 1
81:
- cam_R_m2c: [-0.47122289, -0.88201417, 0.00002514, -0.84378506, 0.45079039, -0.29122979, 0.25685746, -0.13725536, -0.95665313]
  cam_t_m2c: [84.78569093, -35.04883829, 1248.32577050]
  obj_bb: [356, 218, 97, 108]
  obj_id: 1
82:
- cam_R_m2c: [0.53762708, -0.84318274, 0.00001304, -0.78095082, -0.49795282, -0.37703952, 0.31791971, 0.20269647, -0.92619717]
  cam_t_m2c: [127.02227205, 99.96868280, 986.82030139]
  obj_bb: [398, 296, 147, 123]
  obj_id: 1
83:
- cam_R_m2c: [-0.61000546, 0.79239721, -0.00001109, 0.73531979, 0.56606074, -0.37266612, -0.29529332, -0.22733653, -0.92796550]
  cam_t_m2c: [-124.24535507, 40.89236323, 1238.99376452]
  obj_bb: [257, 260, 116, 97]
  obj_id: 1
84:
- cam_R_m2c: [-0.70219810, -0.71198162, 0.00002388, -0.66139071, 0.65228995, -0.37024336, 0.26359090, -0.25999998, -0.92893479]
  cam_t_m2c: [53.46911824, -35.00467395, 1545.88045059]
  obj_bb: [338, 223, 75, 94]
  obj_id: 1
85:
- cam_R_m2c: [0.54188701, 0.84045134, -0.00003669, 0.78730534, -0.50763602, -0.34993709, -0.29412372, 0.18959748, -0.93677320]
  cam_t_m2c: [38.22147409, 40.56962167, 1422.01365445]
  obj_bb: [334, 256, 85, 86]
  obj_id: 1
86:
- cam_R_m2c: [0.98870665, 0.14986379, -0.00002523, 0.14728028, -0.97169342, -0.18471711, -0.02770692, 0.18262732, -0.98279173]
  cam_t_m2c: [1.26818055, -11.73674895, 1370.67454443]
  obj_bb: [322, 236, 74, 89]
  obj_id: 1
87:
- cam_R_m2c: [0.99762112, 0.06893541, -0.00002322, 0.06730046, -0.97403312, -0.21617154, -0.01492449, 0.21565573, -0.97635540]
  cam_t_m2c: [-2.79209958, -5.01006028, 1458.15941563]
  obj_bb: [320, 239, 67, 82]
  obj_id: 1
88:
- cam_R_m2c: [0.99891316, -0.04661013, -0.00002010, -0.04593432, -0.98435625, -0.17009647, 0.00790843, 0.16991253, -0.98542741]
  cam_t_m2c: [-8.51805828, -14.11020425, 1487.99457515]
  obj_bb: [320, 236, 65, 81]
  obj_id: 1
89:
- cam_R_m2c: [0.11047314, 0.99387911, -0.00002942, 0.94053712, -0.10455356, -0.32320036, -0.32122516, 0.03567728, -0.94633056]
  cam_t_m2c: [48.49647476, 54.16788179, 1355.56679066]
  obj_bb: [340, 260, 88, 71]
  obj_id: 1
90:
- cam_R_m2c: [-0.92238551, 0.38627058, 0.00002595, 0.38037673, 0.90832311, -0.17396172, -0.06721986, -0.16044991, -0.98475241]
  cam_t_m2c: [84.75395840, 27.20390966, 1366.30212082]
  obj_bb: [350, 254, 90, 90]
  obj_id: 1
91:
- cam_R_m2c: [0.49121763, 0.87103688, -0.00000171, 0.73563928, -0.41486177, -0.53546668, -0.46641193, 0.26302941, -0.84455636]
  cam_t_m2c: [-17.83935734, 37.70258014, 1053.55077022]
  obj_bb: [311, 260, 116, 110]
  obj_id: 1
92:
- cam_R_m2c: [-0.19590067, 0.98062374, 0.00001558, 0.95584555, 0.19095424, -0.22337358, -0.21904841, -0.04374414, -0.97473291]
  cam_t_m2c: [40.78041213, -27.78743961, 1262.59431935]
  obj_bb: [334, 226, 103, 80]
  obj_id: 1
93:
- cam_R_m2c: [-0.34409060, 0.93893645, 0.00001858, 0.89029707, 0.32627209, -0.31767538, -0.29828305, -0.10929257, -0.94819953]
  cam_t_m2c: [51.76689862, -0.00769205, 1272.94162363]
  obj_bb: [338, 240, 106, 87]
  obj_id: 1
94:
- cam_R_m2c: [0.97953651, -0.20126654, -0.00002515, -0.17928219, -0.87248490, -0.45456353, 0.09146648, 0.44526608, -0.89071432]
  cam_t_m2c: [-84.70856426, 84.14077459, 1045.69515264]
  obj_bb: [280, 290, 105, 116]
  obj_id: 1
95:
- cam_R_m2c: [-0.28761786, -0.95774525, -0.00003975, -0.93136764, 0.27970614, -0.23306393, 0.22322699, -0.06699632, -0.97246141]
  cam_t_m2c: [31.29228021, -150.11269546, 1150.29848963]
  obj_bb: [333, 161, 106, 108]
  obj_id: 1
96:
- cam_R_m2c: [-0.93483487, 0.35508275, 0.00004472, 0.33804204, 0.89000991, -0.30595741, -0.10868000, -0.28600454, -0.95204520]
  cam_t_m2c: [-204.43106851, 45.74870296, 1028.54172295]
  obj_bb: [202, 270, 121, 120]
  obj_id: 1
97:
- cam_R_m2c: [0.99736135, 0.07259703, -0.00002504, 0.06848077, -0.94092519, -0.33161750, -0.02409800, 0.33074076, -0.94341393]
  cam_t_m2c: [178.25440129, 162.62451029, 991.63346399]
  obj_bb: [426, 334, 102, 123]
  obj_id: 1
98:
- cam_R_m2c: [0.08661115, -0.99624219, -0.00005254, -0.96592587, -0.08396260, -0.24482136, 0.24389696, 0.02125500, -0.96956820]
  cam_t_m2c: [103.97970384, -122.04003594, 1479.47583425]
  obj_bb: [360, 190, 87, 71]
  obj_id: 1
99:
- cam_R_m2c: [0.85924708, 0.51156081, 0.00000099, 0.50045046, -0.84058510, -0.20728248, -0.10603676, 0.17810736, -0.97828113]
  cam_t_m2c: [113.93270512, 208.66412278, 968.55939696]
  obj_bb: [387, 370, 120, 149]
  obj_id: 1
100:
- cam_R_m2c: [-0.34025780, -0.94033219, -0.00000208, -0.90309384, 0.32678378, -0.27862856, 0.26200408, -0.09480366, -0.96039894]
  cam_t_m2c: [179.54288222, 330.42076916, 873.66452164]
  obj_bb: [430, 426, 143, 107]
  obj_id: 1
101:
- cam_R_m2c: [-0.98903089, 0.14770884, 0.00002324, 0.14243265, 0.95374412, -0.26473589, -0.03912600, -0.26182866, -0.96432096]
  cam_t_m2c: [315.37403605, -61.90553296, 1349.05696216]
  obj_bb: [450, 216, 81, 95]
  obj_id: 1
102:
- cam_R_m2c: [0.88289132, 0.46957738, -0.00001489, 0.42921141, -0.80700876, -0.40560378, -0.19047438, 0.35809766, -0.91404900]
  cam_t_m2c: [-324.63910044, -1.80375718, 1180.99490382]
  obj_bb: [166, 242, 104, 104]
  obj_id: 1
103:
- cam_R_m2c: [0.97496888, 0.22234134, -0.00001933, 0.22019040, -0.96554901, -0.13867694, -0.03085228, 0.13520144, -0.99033767]
  cam_t_m2c: [-337.26419830, 24.60860047, 1267.67905202]
  obj_bb: [170, 253, 86, 100]
  obj_id: 1
104:
- cam_R_m2c: [0.46670533, 0.88441288, -0.00000168, 0.87800470, -0.46332396, -0.12016098, -0.10627269, 0.05607829, -0.99275442]
  cam_t_m2c: [-217.20868965, -231.92719900, 1148.75230999]
  obj_bb: [218, 128, 109, 107]
  obj_id: 1
105:
- cam_R_m2c: [-0.08971816, -0.99596719, 0.00002912, -0.94672103, 0.08527291, -0.31056050, 0.30930559, -0.02789048, -0.95055361]
  cam_t_m2c: [71.43937617, 31.30149125, 989.68180903]
  obj_bb: [358, 250, 122, 109]
  obj_id: 1
106:
- cam_R_m2c: [0.50279950, 0.86440307, -0.00002529, 0.78875377, -0.45880835, -0.40909948, -0.35363845, 0.20567507, -0.91248979]
  cam_t_m2c: [-50.77100065, 137.37208772, 1095.87389089]
  obj_bb: [296, 312, 111, 113]
  obj_id: 1
107:
- cam_R_m2c: [0.93637291, 0.35100681, -0.00001076, 0.34033182, -0.90790299, -0.24471700, -0.08590710, 0.22914270, -0.96959455]
  cam_t_m2c: [-1.26387935, 125.64687112, 1262.79150387]
  obj_bb: [320, 299, 86, 104]
  obj_id: 1
108:
- cam_R_m2c: [0.38719821, -0.92199650, 0.00002635, -0.89642922, -0.37646776, -0.23385185, 0.21562051, 0.09052340, -0.97227224]
  cam_t_m2c: [78.56249165, 51.37951227, 1209.01608396]
  obj_bb: [360, 261, 115, 94]
  obj_id: 1
109:
- cam_R_m2c: [-0.87636385, -0.48164968, 0.00001449, -0.45324562, 0.82467236, -0.33835471, 0.16295648, -0.29652840, -0.94101865]
  cam_t_m2c: [12.53182022, -4.85013621, 1052.51287248]
  obj_bb: [326, 232, 107, 139]
  obj_id: 1
110:
- cam_R_m2c: [-0.27248123, 0.96216110, 0.00000018, 0.89629397, 0.25382792, -0.36363237, -0.34987296, -0.09908284, -0.93154254]
  cam_t_m2c: [-135.48515039, 27.54177795, 1281.63006312]
  obj_bb: [256, 251, 110, 84]
  obj_id: 1
111:
- cam_R_m2c: [-0.85631671, 0.51645105, 0.00001068, 0.51292146, 0.85046678, -0.11669549, -0.06027660, -0.09992282, -0.99316774]
  cam_t_m2c: [-65.34385481, -104.05409063, 1485.00309002]
  obj_bb: [290, 204, 87, 83]
  obj_id: 1
112:
- cam_R_m2c: [0.92529722, -0.37924274, -0.00001226, -0.36894808, -0.90017224, -0.23144600, 0.08776318, 0.21416086, -0.97284775]
  cam_t_m2c: [44.90238007, 179.92718079, 961.00538105]
  obj_bb: [354, 344, 131, 129]
  obj_id: 1
113:
- cam_R_m2c: [0.23540912, -0.97189637, 0.00000037, -0.95830175, -0.23211635, -0.16667260, 0.16198858, 0.03923590, -0.98601229]
  cam_t_m2c: [137.26992771, 76.95037424, 1340.54575622]
  obj_bb: [379, 268, 102, 79]
  obj_id: 1
114:
- cam_R_m2c: [0.70424698, -0.70995506, -0.00000765, -0.69414176, -0.68855855, -0.20989126, 0.14900809, 0.14782059, -0.97772474]
  cam_t_m2c: [94.74171673, 148.53889794, 895.46589199]
  obj_bb: [390, 334, 159, 131]
  obj_id: 1
115:
- cam_R_m2c: [0.96646506, -0.25679814, -0.00002820, -0.23739143, -0.89338564, -0.38145433, 0.09793157, 0.36866897, -0.92438769]
  cam_t_m2c: [382.21639587, -17.92919662, 1276.14045120]
  obj_bb: [494, 236, 105, 94]
  obj_id: 1
116:
- cam_R_m2c: [0.08451426, -0.99642227, -0.00000850, -0.95301231, -0.08082983, -0.29194876, 0.29090356, 0.02468193, -0.95643396]
  cam_t_m2c: [32.41114224, -318.34521224, 1321.44597374]
  obj_bb: [334, 102, 96, 83]
  obj_id: 1
117:
- cam_R_m2c: [-0.98802075, -0.15432107, 0.00002667, -0.14491208, 0.92772144, -0.34399624, 0.05306113, -0.33987929, -0.93897103]
  cam_t_m2c: [-391.17453321, 13.00875239, 1332.87384697]
  obj_bb: [152, 244, 87, 104]
  obj_id: 1
118:
- cam_R_m2c: [0.71118297, 0.70300696, -0.00001555, 0.67775401, -0.68564220, -0.26560172, -0.18673052, 0.18888088, -0.96408284]
  cam_t_m2c: [282.18497355, 321.08517749, 1426.36219354]
  obj_bb: [428, 372, 85, 97]
  obj_id: 1
119:
- cam_R_m2c: [0.92958795, -0.36860039, -0.00002825, -0.35274972, -0.88959126, -0.29016380, 0.10692936, 0.26974274, -0.95697699]
  cam_t_m2c: [367.50587673, -81.99348871, 1337.69160516]
  obj_bb: [480, 209, 103, 92]
  obj_id: 1
120:
- cam_R_m2c: [0.74151014, 0.67094166, -0.00001834, 0.58081371, -0.64191638, -0.50059844, -0.33588413, 0.37118817, -0.86567962]
  cam_t_m2c: [-186.00232931, 86.51324210, 1191.23490454]
  obj_bb: [234, 282, 102, 104]
  obj_id: 1
121:
- cam_R_m2c: [-0.15374227, -0.98811098, 0.00000198, -0.91983481, 0.14311830, -0.36526850, 0.36092553, -0.05615903, -0.93090221]
  cam_t_m2c: [134.00187220, 194.76943657, 1095.16038208]
  obj_bb: [385, 332, 112, 103]
  obj_id: 1
122:
- cam_R_m2c: [-0.63300809, -0.77414518, 0.00001510, -0.66916077, 0.54715395, -0.50283837, 0.38926163, -0.31831086, -0.86438046]
  cam_t_m2c: [181.42261274, 139.71635890, 1175.00748348]
  obj_bb: [404, 301, 104, 122]
  obj_id: 1
123:
- cam_R_m2c: [0.96141356, 0.27510719, -0.00002484, 0.26244551, -0.91719202, -0.29980187, -0.08250043, 0.28822706, -0.95400149]
  cam_t_m2c: [-174.30039783, 124.43461909, 1383.83578405]
  obj_bb: [248, 292, 77, 90]
  obj_id: 1
124:
- cam_R_m2c: [0.82876823, 0.55959201, -0.00002073, 0.52039569, -0.77073124, -0.36764341, -0.20574629, 0.30468039, -0.92996684]
  cam_t_m2c: [-186.49818959, 83.18569895, 1120.38550330]
  obj_bb: [227, 285, 106, 114]
  obj_id: 1
125:
- cam_R_m2c: [0.69221832, -0.72168815, -0.00005001, -0.64670009, -0.62026161, -0.44390825, 0.32033231, 0.30731377, -0.89607224]
  cam_t_m2c: [31.08106482, -171.12763185, 1546.12820257]
  obj_bb: [336, 180, 88, 79]
  obj_id: 1
126:
- cam_R_m2c: [0.88593207, 0.46381501, -0.00001563, 0.45864304, -0.87605811, -0.14889175, -0.06907192, 0.13190081, -0.98885350]
  cam_t_m2c: [288.04829589, -20.57969265, 1517.70958488]
  obj_bb: [426, 235, 78, 86]
  obj_id: 1
127:
- cam_R_m2c: [-0.79259475, 0.60974876, 0.00004936, 0.56736264, 0.73752791, -0.36626797, -0.22336784, -0.29027406, -0.93050942]
  cam_t_m2c: [-74.34397225, 337.17359497, 1336.85609085]
  obj_bb: [282, 382, 101, 93]
  obj_id: 1
128:
- cam_R_m2c: [0.71525738, -0.69886113, -0.00004967, -0.60249910, -0.61659854, -0.50675544, 0.35412105, 0.36249049, -0.86208986]
  cam_t_m2c: [40.49821850, -147.56470107, 1161.73173046]
  obj_bb: [346, 172, 119, 104]
  obj_id: 1
129:
- cam_R_m2c: [-0.72720951, 0.68641556, 0.00004967, 0.63713677, 0.67502898, -0.37201157, -0.25538806, -0.27049871, -0.92822809]
  cam_t_m2c: [-45.49159275, 343.29747323, 1362.02821563]
  obj_bb: [295, 382, 100, 91]
  obj_id: 1
130:
- cam_R_m2c: [-0.61123248, -0.79145110, 0.00000845, -0.74190453, 0.57296427, -0.34826659, 0.27563113, -0.21287812, -0.93739553]
  cam_t_m2c: [107.70010171, 134.09632281, 1370.23984672]
  obj_bb: [362, 288, 87, 103]
  obj_id: 1
131:
- cam_R_m2c: [0.45014564, 0.89295515, -0.00000714, 0.84452221, -0.42573281, -0.32485969, -0.29008818, 0.14622814, -0.94576222]
  cam_t_m2c: [-92.83874718, -17.02723347, 1489.14212346]
  obj_bb: [286, 233, 82, 78]
  obj_id: 1
132:
- cam_R_m2c: [0.06095486, 0.99814052, -0.00000374, 0.96112149, -0.05869517, -0.26981541, -0.26931392, 0.01644297, -0.96291206]
  cam_t_m2c: [-50.82583155, -58.09772524, 993.24409755]
  obj_bb: [290, 205, 126, 96]
  obj_id: 1
133:
- cam_R_m2c: [-0.79489696, -0.60674444, 0.00000954, -0.57735199, 0.75638503, -0.30748393, 0.18655695, -0.24442355, -0.95155327]
  cam_t_m2c: [121.63645152, 98.16811879, 1065.48540172]
  obj_bb: [383, 285, 110, 138]
  obj_id: 1
134:
- cam_R_m2c: [0.83761991, 0.54625350, -0.00000976, 0.50566318, -0.77538586, -0.37826116, -0.20663406, 0.31683415, -0.92569892]
  cam_t_m2c: [-124.11398049, 49.56653533, 1423.89260566]
  obj_bb: [271, 262, 80, 87]
  obj_id: 1
135:
- cam_R_m2c: [0.62687011, 0.77912378, 0.00002862, 0.76669982, -0.61686746, -0.17789303, -0.13858304, 0.11153777, -0.98404983]
  cam_t_m2c: [131.15403664, 169.60250241, 1455.43386809]
  obj_bb: [369, 310, 82, 92]
  obj_id: 1
136:
- cam_R_m2c: [0.77980836, 0.62601831, 0.00001825, 0.55870445, -0.69594477, -0.45112105, -0.28239734, 0.35179816, -0.89246277]
  cam_t_m2c: [157.31873272, 184.24957348, 975.79267934]
  obj_bb: [410, 351, 123, 136]
  obj_id: 1
137:
- cam_R_m2c: [0.90110831, 0.43359407, 0.00000617, 0.40603545, -0.84383016, -0.35083597, -0.15211519, 0.31614371, -0.93643693]
  cam_t_m2c: [176.86409719, 132.78964832, 1249.67745221]
  obj_bb: [400, 302, 91, 101]
  obj_id: 1
138:
- cam_R_m2c: [-0.79189614, 0.61065579, 0.00004563, 0.59088519, 0.76627656, -0.25233891, -0.15412718, -0.19979925, -0.96763892]
  cam_t_m2c: [-138.57284207, 175.07347467, 1105.04533407]
  obj_bb: [242, 331, 125, 110]
  obj_id: 1
139:
- cam_R_m2c: [-0.95819425, -0.28611846, 0.00000245, -0.25615000, 0.85782779, -0.44555434, 0.12747922, -0.42692823, -0.89525490]
  cam_t_m2c: [-185.09508489, 56.28457180, 1033.54694481]
  obj_bb: [216, 268, 111, 139]
  obj_id: 1
140:
- cam_R_m2c: [0.98875880, 0.14951933, -0.00001956, 0.14302418, -0.94584504, -0.29141250, -0.04359030, 0.28813388, -0.95659749]
  cam_t_m2c: [-338.54417076, 59.96869422, 1549.94133081]
  obj_bb: [196, 263, 67, 78]
  obj_id: 1
141:
- cam_R_m2c: [0.56333999, -0.82622518, -0.00002008, -0.80393542, -0.54813669, -0.23072495, 0.19061975, 0.12999273, -0.97301901]
  cam_t_m2c: [-145.62815464, 343.91963171, 950.60464452]
  obj_bb: [241, 428, 142, 101]
  obj_id: 1
142:
- cam_R_m2c: [-0.93650330, 0.35065876, 0.00002336, 0.33478931, 0.89414063, -0.29736954, -0.10429611, -0.27847973, -0.95476246]
  cam_t_m2c: [295.12836723, -98.38321158, 1182.40128608]
  obj_bb: [458, 200, 105, 103]
  obj_id: 1
143:
- cam_R_m2c: [-0.68503370, -0.72851138, 0.00000742, -0.67717508, 0.63675741, -0.36874641, 0.26863123, -0.25260875, -0.92953003]
  cam_t_m2c: [266.95209846, 267.91795274, 1210.00946707]
  obj_bb: [441, 357, 102, 120]
  obj_id: 1
144:
- cam_R_m2c: [-0.41672584, 0.90903222, 0.00001778, 0.84868053, 0.38906594, -0.35828626, -0.32570067, -0.14929206, -0.93361178]
  cam_t_m2c: [92.28458520, -231.83534295, 1368.91741802]
  obj_bb: [353, 146, 98, 84]
  obj_id: 1
145:
- cam_R_m2c: [-0.99375902, -0.11154821, 0.00001767, -0.10569232, 0.94153953, -0.31989443, 0.03566701, -0.31789985, -0.94745319]
  cam_t_m2c: [-186.71083806, -54.71804371, 1198.27537696]
  obj_bb: [228, 214, 88, 115]
  obj_id: 1
146:
- cam_R_m2c: [0.65800180, -0.75301635, -0.00006420, -0.69845233, -0.61029073, -0.37377742, 0.28142133, 0.24599106, -0.92751843]
  cam_t_m2c: [209.83865655, -0.37785265, 1502.29838547]
  obj_bb: [402, 240, 96, 81]
  obj_id: 1
147:
- cam_R_m2c: [-0.77392000, 0.63328338, 0.00005907, 0.60029653, 0.73363729, -0.31846571, -0.20172238, -0.24643152, -0.94793438]
  cam_t_m2c: [-220.49089004, 107.56972490, 1380.87934545]
  obj_bb: [224, 286, 101, 89]
  obj_id: 1
148:
- cam_R_m2c: [0.37145783, 0.92844982, 0.00005193, 0.82094156, -0.32841938, -0.46711419, -0.43367503, 0.17355586, -0.88419700]
  cam_t_m2c: [-22.66315757, 292.30936906, 909.02987908]
  obj_bb: [307, 416, 134, 125]
  obj_id: 1
149:
- cam_R_m2c: [0.87250102, -0.48861229, -0.00005192, -0.46281082, -0.82639400, -0.32074773, 0.15667838, 0.27987675, -0.94716466]
  cam_t_m2c: [225.08278137, 58.48301578, 1565.10058261]
  obj_bb: [405, 263, 86, 78]
  obj_id: 1
150:
- cam_R_m2c: [-0.24357098, 0.96988307, 0.00004825, 0.96850755, 0.24322819, -0.05322756, -0.05163624, -0.01291795, -0.99858241]
  cam_t_m2c: [4.33600518, 108.15926960, 1052.14812230]
  obj_bb: [318, 300, 127, 102]
  obj_id: 1
151:
- cam_R_m2c: [0.99541541, 0.09564603, -0.00002356, 0.09433285, -0.98178941, -0.16489653, -0.01579483, 0.16413833, -0.98631087]
  cam_t_m2c: [95.81589730, 14.61967066, 1465.68959557]
  obj_bb: [358, 246, 67, 82]
  obj_id: 1
152:
- cam_R_m2c: [0.74627179, 0.66564136, 0.00000789, 0.59650824, -0.66875918, -0.44377819, -0.29539184, 0.33118385, -0.89613666]
  cam_t_m2c: [88.44591219, 126.61744858, 1282.83757329]
  obj_bb: [357, 296, 90, 97]
  obj_id: 1
153:
- cam_R_m2c: [0.97557588, 0.21966272, -0.00001767, 0.20705937, -0.91962816, -0.33378207, -0.07333573, 0.32562608, -0.94265027]
  cam_t_m2c: [97.42816589, 60.97249775, 1245.34687246]
  obj_bb: [366, 270, 84, 98]
  obj_id: 1
154:
- cam_R_m2c: [0.07454948, -0.99721731, -0.00004498, -0.98097042, -0.07332679, -0.17977825, 0.17927469, 0.01344650, -0.98370716]
  cam_t_m2c: [-20.91580212, -57.57142973, 1205.10160002]
  obj_bb: [312, 208, 103, 85]
  obj_id: 1
155:
- cam_R_m2c: [0.58452166, 0.81137810, 0.00002632, 0.74851783, -0.53922423, -0.38595113, -0.31313811, 0.22561650, -0.92251923]
  cam_t_m2c: [181.49903009, 71.96084392, 1379.91245637]
  obj_bb: [391, 270, 88, 89]
  obj_id: 1
156:
- cam_R_m2c: [0.50770944, -0.86152836, -0.00006584, -0.81152800, -0.47821794, -0.33575275, 0.28922904, 0.17051827, -0.94195015]
  cam_t_m2c: [-78.84268830, -86.38249041, 1548.92355354]
  obj_bb: [296, 208, 87, 78]
  obj_id: 1
157:
- cam_R_m2c: [-0.88434967, -0.46682509, -0.00000022, -0.45346955, 0.85904915, -0.23748668, 0.11086493, -0.21002117, -0.97139080]
  cam_t_m2c: [-159.73455650, 131.85791814, 1345.83765361]
  obj_bb: [252, 290, 86, 108]
  obj_id: 1
158:
- cam_R_m2c: [0.72682925, -0.68681820, -0.00006234, -0.64682269, -0.68447325, -0.33632837, 0.23095378, 0.24449361, -0.94174478]
  cam_t_m2c: [-30.34968684, -100.78988435, 1547.85210360]
  obj_bb: [314, 206, 86, 79]
  obj_id: 1
159:
- cam_R_m2c: [0.86203355, 0.50685122, 0.00000324, 0.45505626, -0.77393980, -0.44038731, -0.22320834, 0.37963011, -0.89780789]
  cam_t_m2c: [163.52589282, 17.88566694, 1044.01176567]
  obj_bb: [409, 253, 112, 118]
  obj_id: 1
160:
- cam_R_m2c: [0.99923682, 0.03906117, -0.00001857, 0.03763473, -0.96287348, -0.26731682, -0.01045958, 0.26711211, -0.96360870]
  cam_t_m2c: [13.77584426, 165.67266891, 1404.42655178]
  obj_bb: [327, 306, 68, 85]
  obj_id: 1
161:
- cam_R_m2c: [0.81627545, -0.57766287, -0.00002151, -0.53495864, -0.75591752, -0.37736980, 0.21797627, 0.30804921, -0.92606265]
  cam_t_m2c: [81.56580581, 153.52700007, 1420.71565397]
  obj_bb: [358, 303, 95, 86]
  obj_id: 1
162:
- cam_R_m2c: [-0.69162108, -0.72226053, 0.00000559, -0.65778362, 0.62987618, -0.41300933, 0.29829682, -0.28564964, -0.91072679]
  cam_t_m2c: [70.65716213, -1.37499351, 1512.79232334]
  obj_bb: [344, 236, 77, 95]
  obj_id: 1
163:
- cam_R_m2c: [0.98776132, -0.15597299, -0.00002037, -0.15081099, -0.95503755, -0.25526323, 0.03979472, 0.25214222, -0.96687160]
  cam_t_m2c: [36.06251142, 158.89049779, 1478.96452439]
  obj_bb: [338, 300, 73, 83]
  obj_id: 1
164:
- cam_R_m2c: [0.09209590, -0.99575014, -0.00001213, -0.95091461, -0.08794550, -0.29669343, 0.29543146, 0.02733578, -0.95497278]
  cam_t_m2c: [116.54180053, 52.59770699, 1131.89837107]
  obj_bb: [378, 261, 114, 92]
  obj_id: 1
165:
- cam_R_m2c: [-0.73181838, 0.68149971, -0.00001066, 0.65613195, 0.70457335, -0.27030956, -0.18420837, -0.19782450, -0.96277346]
  cam_t_m2c: [-11.03312988, 38.66242285, 1526.38919857]
  obj_bb: [310, 256, 89, 80]
  obj_id: 1
166:
- cam_R_m2c: [-0.84750344, -0.53078990, 0.00001757, -0.49466039, 0.78980406, -0.36265775, 0.19248120, -0.30736238, -0.93192240]
  cam_t_m2c: [13.06040015, 59.24996631, 1438.73605696]
  obj_bb: [324, 259, 77, 102]
  obj_id: 1
167:
- cam_R_m2c: [0.20541956, 0.97867400, -0.00002349, 0.96690047, -0.20295206, -0.15464131, -0.15134820, 0.03174363, -0.98797068]
  cam_t_m2c: [-19.80361228, 32.11839538, 1192.35416163]
  obj_bb: [312, 257, 101, 92]
  obj_id: 1
168:
- cam_R_m2c: [-0.46481090, 0.88540998, -0.00001699, 0.76861556, 0.40348817, -0.49641456, -0.43952355, -0.23075196, -0.86808558]
  cam_t_m2c: [-15.86586984, 89.81117643, 1088.50305751]
  obj_bb: [304, 286, 129, 107]
  obj_id: 1
169:
- cam_R_m2c: [0.49270523, 0.87019628, -0.00002292, 0.84606787, -0.47904988, -0.23383835, -0.20349624, 0.11519398, -0.97227549]
  cam_t_m2c: [-18.58568344, 53.88006204, 1320.50467753]
  obj_bb: [312, 266, 91, 95]
  obj_id: 1
170:
- cam_R_m2c: [0.66044800, -0.75087179, -0.00001808, -0.68470478, -0.60223927, -0.41047196, 0.30820092, 0.27110776, -0.91187322]
  cam_t_m2c: [-203.85117851, 32.47985536, 1116.12113412]
  obj_bb: [222, 258, 121, 110]
  obj_id: 1
171:
- cam_R_m2c: [-0.99714188, -0.07555176, 0.00001672, -0.07189391, 0.94879696, -0.30759648, 0.02322360, -0.30671853, -0.95151690]
  cam_t_m2c: [78.61421572, 248.55479098, 1180.84517901]
  obj_bb: [354, 356, 82, 113]
  obj_id: 1
172:
- cam_R_m2c: [0.44825966, -0.89390340, -0.00001553, -0.83113197, -0.41677570, -0.36812725, 0.32906373, 0.16502951, -0.92977542]
  cam_t_m2c: [-211.18159992, 72.73355181, 1403.37487450]
  obj_bb: [240, 268, 95, 85]
  obj_id: 1
173:
- cam_R_m2c: [0.54916065, -0.83571681, -0.00001679, -0.82996119, -0.54537621, -0.11717170, 0.09791320, 0.06436002, -0.99311167]
