0:
- cam_R_m2c: [0.01617469, -0.99759800, 0.06735442, -0.50592747, 0.04993760, 0.86112928, -0.86242436, -0.04800495, -0.50390450]
  cam_t_m2c: [-195.16284382, 266.20362873, 1222.20830797]
  obj_bb: [234, 356, 91, 97]
  obj_id: 1
1:
- cam_R_m2c: [0.30987263, 0.39293627, -0.86578291, -0.03667011, -0.90498786, -0.42385408, -0.95007066, 0.16308913, -0.26602195]
  cam_t_m2c: [-123.43069535, -227.39449706, 1514.57558182]
  obj_bb: [277, 157, 84, 72]
  obj_id: 1
2:
- cam_R_m2c: [0.18373659, 0.79676320, -0.57568157, 0.20245302, -0.60376946, -0.77102218, -0.96190106, 0.02511651, -0.27224166]
  cam_t_m2c: [31.31590181, -280.23146997, 1541.63780688]
  obj_bb: [330, 140, 88, 79]
  obj_id: 1
3:
- cam_R_m2c: [-0.33401908, -0.23607734, 0.91252329, -0.37363614, 0.92197690, 0.10175768, -0.86534807, -0.30696267, -0.39616490]
  cam_t_m2c: [167.80043917, 302.45082507, 1394.05438940]
  obj_bb: [380, 362, 84, 83]
  obj_id: 1
4:
- cam_R_m2c: [0.23686198, -0.80814803, -0.53925241, -0.40136926, -0.58686370, 0.70320247, -0.88475936, 0.04987741, -0.46337148]
  cam_t_m2c: [-299.82436532, 88.49651705, 1461.00015618]
  obj_bb: [204, 274, 85, 91]
  obj_id: 1
5:
- cam_R_m2c: [-0.32213771, 0.50820796, 0.79871895, -0.33530165, 0.72775346, -0.59828730, -0.88532485, -0.46054269, -0.06403386]
  cam_t_m2c: [-306.69331039, -3.68968867, 1076.11998486]
  obj_bb: [166, 244, 120, 107]
  obj_id: 1
6:
- cam_R_m2c: [-0.29016158, -0.48688346, 0.82386331, -0.71350313, 0.68378582, 0.15280788, -0.63774568, -0.54349007, -0.54580124]
  cam_t_m2c: [-49.09268273, -143.25886856, 1247.19710497]
  obj_bb: [296, 186, 104, 83]
  obj_id: 1
7:
- cam_R_m2c: [0.29707026, 0.45623240, -0.83880943, -0.21012803, -0.82569643, -0.52351850, -0.93144805, 0.33177914, -0.14942264]
  cam_t_m2c: [60.41983414, 380.83620838, 851.38914910]
  obj_bb: [365, 444, 136, 69]
  obj_id: 1
8:
- cam_R_m2c: [-0.28424641, 0.67629462, 0.67958043, 0.05595028, 0.71931125, -0.69243115, -0.95711731, -0.15879835, -0.24230051]
  cam_t_m2c: [-325.41286868, -21.05441657, 1199.95032052]
  obj_bb: [175, 232, 108, 110]
  obj_id: 1
9:
- cam_R_m2c: [0.21171182, -0.85857402, -0.46693549, -0.72991882, -0.45661482, 0.50864666, -0.64992048, 0.23313849, -0.72336009]
  cam_t_m2c: [327.70544692, 73.50825786, 1279.32385713]
  obj_bb: [458, 276, 97, 92]
  obj_id: 1
10:
- cam_R_m2c: [-0.22225526, 0.83874546, 0.49710025, 0.13101052, 0.53092008, -0.83723361, -0.96614639, -0.12095422, -0.22788426]
  cam_t_m2c: [217.86388535, -388.50509306, 1442.16725017]
  obj_bb: [404, 94, 85, 86]
  obj_id: 1
11:
- cam_R_m2c: [0.29822711, 0.45087361, -0.84129280, -0.05933906, -0.87093831, -0.48779641, -0.95264866, 0.19539564, -0.23298300]
  cam_t_m2c: [-445.52108140, -111.57601445, 1425.40253168]
  obj_bb: [149, 196, 92, 79]
  obj_id: 1
12:
- cam_R_m2c: [0.34287939, 0.15290967, -0.92685077, -0.24589941, -0.93764868, -0.24565917, -0.90662407, 0.31214352, -0.28390001]
  cam_t_m2c: [-476.71066309, 49.25477956, 1410.26282068]
  obj_bb: [138, 260, 88, 73]
  obj_id: 1
13:
- cam_R_m2c: [0.24746232, 0.63995454, -0.72747549, 0.07514497, -0.76124313, -0.64409792, -0.96597911, 0.10472384, -0.23646836]
  cam_t_m2c: [-395.51685419, -224.16889807, 1263.48821099]
  obj_bb: [148, 142, 107, 94]
  obj_id: 1
14:
- cam_R_m2c: [0.10981543, 0.91321809, -0.39239430, 0.06995237, -0.40090388, -0.91344554, -0.99148739, 0.07286150, -0.10790720]
  cam_t_m2c: [-236.66521718, -342.78849639, 1445.82736434]
  obj_bb: [228, 112, 89, 74]
  obj_id: 1
15:
- cam_R_m2c: [-0.13866361, 0.95495749, 0.26235206, 0.17225900, 0.28413036, -0.94318438, -0.97524317, -0.08559285, -0.20389857]
  cam_t_m2c: [-8.14614961, 28.80254631, 1405.99192247]
  obj_bb: [318, 256, 82, 87]
  obj_id: 1
16:
- cam_R_m2c: [-0.23803618, 0.80555424, 0.54260589, -0.11534049, 0.53126561, -0.83931723, -0.96438340, -0.26237230, -0.03354742]
  cam_t_m2c: [-6.27892924, 72.79655495, 1238.41669476]
  obj_bb: [320, 277, 101, 102]
  obj_id: 1
17:
- cam_R_m2c: [-0.30329714, -0.42652385, 0.85210812, -0.41496045, 0.86410641, 0.28482967, -0.85779874, -0.26720314, -0.43907153]
  cam_t_m2c: [5.42661405, 45.21884926, 1364.12065590]
  obj_bb: [319, 262, 94, 89]
  obj_id: 1
18:
- cam_R_m2c: [0.35355896, -0.03078648, -0.93490548, -0.18212443, -0.98259713, -0.03651815, -0.91751117, 0.18318045, -0.35301299]
  cam_t_m2c: [-1.44655323, 54.59425086, 1118.49313887]
  obj_bb: [324, 272, 102, 99]
  obj_id: 1
19:
- cam_R_m2c: [-0.12656172, -0.89171863, 0.43453425, -0.69218978, 0.39316686, 0.60522155, -0.71053180, -0.22418229, -0.66699840]
  cam_t_m2c: [8.86030984, 84.11266732, 1042.65754871]
  obj_bb: [327, 294, 126, 116]
  obj_id: 1
20:
- cam_R_m2c: [0.26744045, 0.57487710, -0.77329937, -0.05456222, -0.79220955, -0.60780506, -0.96202836, 0.20474459, -0.18050231]
  cam_t_m2c: [103.90162902, 3.35647184, 1464.21160952]
  obj_bb: [359, 241, 90, 80]
  obj_id: 1
21:
- cam_R_m2c: [0.35448827, -0.09932337, -0.92977037, -0.36699021, -0.92933649, -0.04064325, -0.86003271, 0.35562417, -0.36588958]
  cam_t_m2c: [39.09382720, -23.23430065, 1013.19836897]
  obj_bb: [344, 234, 115, 108]
  obj_id: 1
22:
- cam_R_m2c: [-0.20813280, -0.74425861, 0.63463364, -0.61405053, 0.60446980, 0.50750193, -0.76132955, -0.28406933, -0.58282238]
  cam_t_m2c: [-114.85355435, 109.70094154, 1018.17969419]
  obj_bb: [258, 308, 133, 125]
  obj_id: 1
23:
- cam_R_m2c: [0.32222389, -0.50772053, -0.79899414, -0.47644493, -0.81630209, 0.32657485, -0.81802934, 0.27544649, -0.50493290]
  cam_t_m2c: [-12.26370674, -36.69040871, 1212.78724766]
  obj_bb: [312, 229, 103, 102]
  obj_id: 1
24:
- cam_R_m2c: [-0.24647535, -0.64292792, 0.72518521, -0.42871786, 0.74340604, 0.51336970, -0.86916678, -0.18436687, -0.45886595]
  cam_t_m2c: [-108.70918642, 89.80707150, 1266.16322663]
  obj_bb: [272, 284, 106, 100]
  obj_id: 1
25:
- cam_R_m2c: [-0.21798628, -0.72062692, 0.65816321, -0.47965976, 0.66641840, 0.57080035, -0.84994617, -0.19126776, -0.49092580]
  cam_t_m2c: [130.53500103, 272.38456081, 1178.00897378]
  obj_bb: [380, 372, 114, 112]
  obj_id: 1
26:
- cam_R_m2c: [-0.20911374, -0.74197820, 0.63697707, -0.42571050, 0.65548800, 0.62378366, -0.88036471, -0.14072609, -0.45293946]
  cam_t_m2c: [123.18221948, 265.18060735, 1429.12857293]
  obj_bb: [367, 346, 94, 91]
  obj_id: 1
27:
- cam_R_m2c: [0.27147688, 0.56047059, -0.78241486, -0.01772106, -0.80989636, -0.58630526, -0.96228180, 0.17303354, -0.20993601]
  cam_t_m2c: [-176.12834262, -140.94781649, 1544.43101342]
  obj_bb: [258, 190, 85, 75]
  obj_id: 1
28:
- cam_R_m2c: [-0.09132088, 0.98686486, 0.13326010, 0.15528530, 0.14629446, -0.97697718, -0.98363966, -0.06852508, -0.16660535]
  cam_t_m2c: [106.55070421, -199.85264611, 1440.80211160]
  obj_bb: [361, 171, 74, 78]
  obj_id: 1
29:
- cam_R_m2c: [0.19182137, -0.89144661, -0.41052101, -0.66104145, -0.42653009, 0.61732997, -0.72541627, 0.15295432, -0.67110074]
  cam_t_m2c: [-176.26338607, 267.88763867, 1180.30778624]
  obj_bb: [234, 367, 104, 110]
  obj_id: 1
30:
- cam_R_m2c: [-0.14551968, -0.86415844, 0.48172006, -0.39017413, 0.49756657, 0.77472037, -0.90916894, -0.07521765, -0.40957800]
  cam_t_m2c: [12.24088429, -244.01000928, 1096.07001264]
  obj_bb: [328, 122, 121, 115]
  obj_id: 1
31:
- cam_R_m2c: [-0.07574457, 0.99294412, 0.09124003, 0.01728285, 0.09279650, -0.99553509, -0.99697746, -0.07382949, -0.02418974]
  cam_t_m2c: [-164.54976432, 258.21452795, 1112.49176830]
  obj_bb: [239, 378, 98, 107]
  obj_id: 1
32:
- cam_R_m2c: [0.27866362, 0.53359033, -0.79851609, 0.05143354, -0.83854931, -0.54239252, -0.95901052, 0.11007455, -0.26111762]
  cam_t_m2c: [109.39102629, 268.40333121, 1359.55719320]
  obj_bb: [364, 346, 97, 93]
  obj_id: 1
33:
- cam_R_m2c: [-0.35444548, 0.08696412, 0.93102398, -0.31426507, 0.92667098, -0.20619980, -0.88068489, -0.36567490, -0.30112455]
  cam_t_m2c: [-229.84716230, -46.39002803, 1284.85548054]
  obj_bb: [218, 220, 93, 79]
  obj_id: 1
34:
- cam_R_m2c: [0.29156547, -0.64984102, -0.70192323, -0.60441356, -0.69391477, 0.39136496, -0.74139991, 0.31014341, -0.59509431]
  cam_t_m2c: [257.58270557, 62.63284260, 1115.60215423]
  obj_bb: [442, 278, 116, 113]
  obj_id: 1
35:
- cam_R_m2c: [0.02589427, 0.98377007, -0.17755547, 0.18059737, -0.17929617, -0.96707677, -0.98321619, -0.00702430, -0.18230903]
  cam_t_m2c: [51.52818140, 90.55433124, 1490.85992133]
  obj_bb: [336, 276, 79, 79]
  obj_id: 1
36:
- cam_R_m2c: [0.20519957, 0.75095946, -0.62765678, 0.05065889, -0.64859349, -0.75944728, -0.97740821, 0.12404186, -0.17113388]
  cam_t_m2c: [72.30841016, 70.02366777, 981.70220200]
  obj_bb: [359, 280, 138, 127]
  obj_id: 1
37:
- cam_R_m2c: [-0.20963077, 0.86231653, 0.46093942, -0.11173026, 0.44720046, -0.88742780, -0.97137598, -0.23753305, 0.00259987]
  cam_t_m2c: [3.85316060, 151.17958133, 1208.14486132]
  obj_bb: [324, 314, 102, 105]
  obj_id: 1
38:
- cam_R_m2c: [0.16064780, 0.83941437, -0.51920690, 0.00912669, -0.52728005, -0.84964254, -0.98696960, 0.13175456, -0.09236745]
  cam_t_m2c: [68.60513768, 93.10268437, 1385.54074429]
  obj_bb: [346, 278, 98, 88]
  obj_id: 1
39:
- cam_R_m2c: [-0.25470590, 0.76516331, 0.59131212, 0.14852792, 0.63517889, -0.75794936, -0.95554401, -0.10522781, -0.27543193]
  cam_t_m2c: [-8.79625673, 95.44206298, 1155.39365344]
  obj_bb: [318, 286, 109, 117]
  obj_id: 1
40:
- cam_R_m2c: [-0.30974291, 0.57319446, 0.75862207, -0.03035885, 0.79149178, -0.61042534, -0.95033556, -0.21210581, -0.22775744]
  cam_t_m2c: [-166.12090840, -28.52269266, 1396.07707214]
  obj_bb: [257, 230, 92, 94]
  obj_id: 1
41:
- cam_R_m2c: [-0.16013341, 0.93318044, 0.32176319, 0.20030650, 0.34990788, -0.91511845, -0.96655812, -0.08208978, -0.24295405]
  cam_t_m2c: [-179.13547220, 56.44499432, 1181.71010009]
  obj_bb: [239, 271, 102, 106]
  obj_id: 1
42:
- cam_R_m2c: [0.35272981, -0.20112411, -0.91385490, -0.33811434, -0.93803610, 0.07594058, -0.87250236, 0.28220094, -0.39887624]
  cam_t_m2c: [123.04518398, 193.93803901, 1249.31855361]
  obj_bb: [374, 331, 97, 96]
  obj_id: 1
43:
- cam_R_m2c: [0.27921557, -0.69333958, -0.66431836, -0.27261430, -0.72060433, 0.63750360, -0.92071717, 0.00310176, -0.39021824]
  cam_t_m2c: [175.61344462, 59.38160180, 1338.05312631]
  obj_bb: [388, 264, 96, 101]
  obj_id: 1
44:
- cam_R_m2c: [0.06462193, 0.95854581, -0.27751384, 0.01057798, -0.27873746, -0.96030908, -0.99785375, 0.05912149, -0.02815203]
  cam_t_m2c: [-123.21225141, 195.92160526, 964.26533113]
  obj_bb: [248, 357, 126, 126]
  obj_id: 1
45:
- cam_R_m2c: [-0.06042386, 0.99691148, 0.05016440, -0.00512331, 0.04994582, -0.99873879, -0.99815966, -0.06060466, 0.00208956]
  cam_t_m2c: [190.09854979, -127.25071170, 1173.50084132]
  obj_bb: [407, 192, 92, 88]
  obj_id: 1
46:
- cam_R_m2c: [-0.35390878, 0.15931542, 0.92161118, -0.14102831, 0.96502854, -0.22097723, -0.92458617, -0.20817905, -0.31906408]
  cam_t_m2c: [251.89922114, 170.10243806, 1336.82213879]
  obj_bb: [420, 308, 90, 88]
  obj_id: 1
47:
- cam_R_m2c: [-0.29578628, -0.46209558, 0.83604913, -0.57919444, 0.78273818, 0.22771638, -0.75963431, -0.41687963, -0.49916640]
  cam_t_m2c: [120.23951790, 323.66777046, 1254.61465010]
  obj_bb: [369, 388, 102, 101]
  obj_id: 1
48:
- cam_R_m2c: [-0.22228478, 0.83867284, 0.49720955, -0.17043042, 0.46869238, -0.86676463, -0.95997028, -0.27740822, 0.03875218]
  cam_t_m2c: [270.25039282, 6.90942960, 1180.86766262]
  obj_bb: [448, 250, 101, 101]
  obj_id: 1
49:
- cam_R_m2c: [-0.25975239, -0.60109728, 0.75578486, -0.57979994, 0.72295705, 0.37571949, -0.77224396, -0.34060998, -0.53630599]
  cam_t_m2c: [75.96787843, 334.16685147, 1360.91800425]
  obj_bb: [349, 381, 98, 96]
  obj_id: 1
50:
- cam_R_m2c: [-0.32145886, -0.32579070, 0.88911451, -0.52512255, 0.84267727, 0.11891733, -0.78797875, -0.42866705, -0.44196612]
  cam_t_m2c: [208.73113485, 69.75314556, 1181.04860235]
  obj_bb: [410, 278, 101, 97]
  obj_id: 1
51:
- cam_R_m2c: [-0.12173698, -0.89821052, 0.42237184, -0.57867583, 0.40996054, 0.70502953, -0.80642073, -0.15858821, -0.56968007]
  cam_t_m2c: [160.21507028, 186.81852343, 1455.93980055]
  obj_bb: [381, 315, 90, 86]
  obj_id: 1
52:
- cam_R_m2c: [-0.21677387, 0.84927943, 0.48138710, 0.16253899, 0.51762860, -0.84002483, -0.96259554, -0.10385126, -0.25024938]
  cam_t_m2c: [28.77532489, -180.34409632, 1243.25916240]
  obj_bb: [335, 163, 100, 102]
  obj_id: 1
53:
- cam_R_m2c: [0.22119646, -0.84081964, -0.49405917, -0.70904961, -0.48648208, 0.51047413, -0.66956760, 0.23739739, -0.70379095]
  cam_t_m2c: [-32.06369652, 282.67733754, 939.17703323]
  obj_bb: [296, 410, 133, 138]
  obj_id: 1
54:
- cam_R_m2c: [0.26692618, -0.73142219, -0.62751254, -0.66032997, -0.61307527, 0.43370847, -0.70193642, 0.29859719, -0.64662584]
  cam_t_m2c: [-68.36213795, 273.62449451, 1027.35040340]
  obj_bb: [280, 394, 123, 133]
  obj_id: 1
55:
- cam_R_m2c: [-0.29285483, 0.64497422, 0.70586423, -0.00547566, 0.73708714, -0.67577553, -0.95614124, -0.20176920, -0.21232787]
  cam_t_m2c: [106.46654505, 18.13154562, 1251.80318648]
  obj_bb: [369, 250, 102, 106]
  obj_id: 1
56:
- cam_R_m2c: [-0.07987149, -0.94522032, 0.31651081, -0.54178935, 0.30769392, 0.78216926, -0.83671073, -0.10900917, -0.53668628]
  cam_t_m2c: [-13.68523761, 151.49166177, 945.93445692]
  obj_bb: [316, 332, 133, 131]
  obj_id: 1
57:
- cam_R_m2c: [0.31397307, 0.37037926, -0.87420828, -0.14260965, -0.89192602, -0.42910425, -0.93866043, 0.25939772, -0.22722109]
  cam_t_m2c: [-73.68004416, -11.21123714, 1367.38584277]
  obj_bb: [292, 236, 93, 79]
  obj_id: 1
58:
- cam_R_m2c: [-0.34081736, 0.37218172, 0.86332166, 0.06536874, 0.92545973, -0.37316380, -0.93785418, -0.07074645, -0.33974179]
  cam_t_m2c: [109.48275940, 15.15101773, 1409.97077496]
  obj_bb: [363, 244, 86, 90]
  obj_id: 1
59:
- cam_R_m2c: [-0.22379544, 0.83571526, 0.50149337, -0.05453205, 0.50300133, -0.86256357, -0.97310938, -0.22038525, -0.06699614]
  cam_t_m2c: [94.42447209, 16.45888974, 1449.79331126]
  obj_bb: [358, 250, 85, 86]
  obj_id: 1
60:
- cam_R_m2c: [-0.34142412, -0.16828050, 0.92472225, -0.34791742, 0.93658475, 0.04198185, -0.87314549, -0.30739336, -0.37832034]
  cam_t_m2c: [-98.17080887, -81.28595547, 1574.16882357]
  obj_bb: [281, 214, 76, 68]
  obj_id: 1
61:
- cam_R_m2c: [-0.32487771, -0.30342518, 0.89576092, -0.24227602, 0.94223341, 0.23129751, -0.91419736, -0.14187798, -0.37962327]
  cam_t_m2c: [-77.31543155, -132.30598857, 1072.36092694]
  obj_bb: [275, 176, 116, 109]
  obj_id: 1
62:
- cam_R_m2c: [0.26904011, -0.72522339, -0.63377319, -0.26869955, -0.68842645, 0.67369843, -0.92488809, -0.01095733, -0.38008152]
  cam_t_m2c: [173.72276294, 6.47970861, 1387.13172218]
  obj_bb: [385, 242, 92, 97]
  obj_id: 1
63:
- cam_R_m2c: [0.16804467, 0.82641483, -0.53740070, 0.16666239, -0.56112319, -0.81078012, -0.97158872, 0.04668280, -0.23202603]
  cam_t_m2c: [-35.21329121, 199.47280119, 1140.45462250]
  obj_bb: [302, 334, 118, 113]
  obj_id: 1
64:
- cam_R_m2c: [-0.28639719, 0.66878178, 0.68608132, 0.06754228, 0.72838837, -0.68182727, -0.95572731, -0.14893392, -0.25377942]
  cam_t_m2c: [-173.33411075, 19.05000015, 1262.99775528]
  obj_bb: [248, 250, 102, 107]
  obj_id: 1
65:
- cam_R_m2c: [0.30881085, -0.57756914, -0.75567833, -0.56188171, -0.75183335, 0.34501529, -0.76741436, 0.31805737, -0.55669984]
  cam_t_m2c: [189.14169088, 224.06375920, 941.42383638]
  obj_bb: [425, 379, 138, 146]
  obj_id: 1
66:
- cam_R_m2c: [0.28484615, -0.67421295, -0.68139531, -0.63958911, -0.66315001, 0.38879022, -0.71399470, 0.32506763, -0.62011499]
  cam_t_m2c: [206.20569715, 209.51010635, 934.98125346]
  obj_bb: [436, 372, 139, 144]
  obj_id: 1
67:
- cam_R_m2c: [-0.34261475, 0.35441798, 0.87005921, 0.04308676, 0.93106449, -0.36230159, -0.93848744, -0.08664184, -0.33426715]
  cam_t_m2c: [-145.58912631, -181.29068931, 1394.37215141]
  obj_bb: [264, 167, 89, 90]
  obj_id: 1
68:
- cam_R_m2c: [0.33577293, 0.22137371, -0.91556006, -0.28861127, -0.90106214, -0.32371369, -0.89663821, 0.37293525, -0.23866132]
  cam_t_m2c: [15.07336947, 304.91560872, 1072.29578836]
  obj_bb: [332, 398, 112, 105]
  obj_id: 1
69:
- cam_R_m2c: [-0.33754235, 0.40148936, 0.85139383, -0.22098119, 0.84540231, -0.48627383, -0.91500409, -0.35228003, -0.19663749]
  cam_t_m2c: [-155.17294697, -101.88469361, 1288.94354596]
  obj_bb: [256, 198, 97, 91]
  obj_id: 1
70:
- cam_R_m2c: [-0.12975455, 0.96257936, 0.23791747, 0.24204236, 0.26343578, -0.93381855, -0.96155044, -0.06358110, -0.26716697]
  cam_t_m2c: [-74.38988176, 188.12469977, 1431.77725042]
  obj_bb: [292, 316, 80, 85]
  obj_id: 1
71:
- cam_R_m2c: [-0.26291767, 0.74290824, 0.61559860, -0.10428419, 0.61242638, -0.78361900, -0.95916584, -0.27022449, -0.08354413]
  cam_t_m2c: [-142.12500358, 183.66338740, 1062.15164996]
  obj_bb: [250, 340, 122, 126]
  obj_id: 1
72:
- cam_R_m2c: [0.29265289, -0.64573135, -0.70525549, -0.36811699, -0.75678333, 0.54015634, -0.88252148, 0.10153821, -0.45917952]
  cam_t_m2c: [156.90710840, -59.14523512, 1372.70153784]
  obj_bb: [379, 218, 94, 97]
  obj_id: 1
73:
- cam_R_m2c: [0.22119729, -0.84082272, -0.49405355, -0.54068324, -0.52734834, 0.65541236, -0.81162392, 0.12215104, -0.57126678]
  cam_t_m2c: [121.11079783, -73.12825248, 1291.01461302]
  obj_bb: [368, 211, 98, 96]
  obj_id: 1
74:
- cam_R_m2c: [0.35308058, -0.01380115, -0.93549112, -0.13961711, -0.98947239, -0.03809789, -0.92511684, 0.14406219, -0.35129036]
  cam_t_m2c: [183.84985818, 60.84002645, 1453.67600206]
  obj_bb: [392, 266, 80, 75]
  obj_id: 1
75:
- cam_R_m2c: [0.13926786, 0.87365365, -0.46619069, 0.24844799, -0.48654765, -0.83758282, -0.95858127, 0.00082423, -0.28481794]
  cam_t_m2c: [109.12350523, 185.88168926, 1304.09868047]
  obj_bb: [364, 316, 102, 97]
  obj_id: 1
76:
- cam_R_m2c: [0.25961100, 0.60154626, -0.75547616, 0.20431949, -0.79880312, -0.56583313, -0.94385151, -0.00746200, -0.33028570]
  cam_t_m2c: [168.56577546, 118.72706382, 1391.64594049]
  obj_bb: [386, 284, 96, 91]
  obj_id: 1
77:
- cam_R_m2c: [0.27042838, 0.56424750, -0.78005978, -0.22973213, -0.74902295, -0.62144008, -0.93492868, 0.34725983, -0.07293129]
  cam_t_m2c: [173.47319787, 186.69359441, 1259.56150412]
  obj_bb: [396, 324, 105, 93]
  obj_id: 1
78:
- cam_R_m2c: [-0.24211952, 0.79617167, 0.55451674, -0.02292567, 0.56666742, -0.82362761, -0.96997554, -0.21212899, -0.11894848]
  cam_t_m2c: [-111.15228422, 220.81418307, 1438.88773572]
  obj_bb: [280, 328, 88, 93]
  obj_id: 1
79:
- cam_R_m2c: [-0.28777248, 0.66382659, 0.69030519, -0.07172583, 0.70383236, -0.70673575, -0.95500911, -0.25289181, -0.15493007]
  cam_t_m2c: [-141.69621027, 196.95402657, 1206.11998548]
  obj_bb: [258, 332, 107, 113]
  obj_id: 1
80:
- cam_R_m2c: [0.25852827, 0.60512989, -0.75298138, -0.15895494, -0.74220715, -0.65104675, -0.95283601, 0.28800410, -0.09569314]
  cam_t_m2c: [-165.40043932, -56.86978198, 1388.28707499]
  obj_bb: [254, 219, 97, 80]
  obj_id: 1
81:
- cam_R_m2c: [-0.09308334, -0.93208987, 0.35006280, -0.56173884, 0.33945192, 0.75446794, -0.82206142, -0.12641547, -0.55518840]
  cam_t_m2c: [60.05377460, 262.13319351, 973.03009361]
  obj_bb: [356, 392, 131, 130]
  obj_id: 1
82:
- cam_R_m2c: [0.22852545, 0.69361064, -0.68314010, 0.06070339, -0.71049547, -0.70107866, -0.97164357, 0.11874539, -0.20447081]
  cam_t_m2c: [-146.31669664, -123.29714064, 1207.88453768]
  obj_bb: [253, 184, 112, 99]
  obj_id: 1
83:
- cam_R_m2c: [0.29593571, 0.46142196, -0.83636824, 0.05493660, -0.88236009, -0.46735708, -0.95362678, 0.09236042, -0.28647081]
  cam_t_m2c: [-189.17057152, -92.07258052, 1220.22181728]
  obj_bb: [236, 197, 107, 96]
  obj_id: 1
84:
- cam_R_m2c: [0.11223240, -0.97534268, -0.19002775, -0.62042822, -0.21816105, 0.75330909, -0.77619116, 0.03335289, -0.62961486]
  cam_t_m2c: [-70.93492496, 269.92133060, 1440.25533526]
  obj_bb: [290, 341, 77, 84]
  obj_id: 1
85:
- cam_R_m2c: [0.27199099, 0.55852836, -0.78362425, -0.01072243, -0.81251487, -0.58284185, -0.96224006, 0.16693009, -0.21500795]
  cam_t_m2c: [-253.02066705, 56.69089877, 1366.74262090]
  obj_bb: [218, 262, 97, 88]
  obj_id: 1
86:
- cam_R_m2c: [0.13832745, -0.95526062, -0.26142429, -0.64596952, -0.28710920, 0.70731300, -0.75072558, 0.07103132, -0.65678433]
  cam_t_m2c: [79.26440258, 299.23047659, 932.15133410]
  obj_bb: [362, 412, 123, 133]
  obj_id: 1
87:
- cam_R_m2c: [-0.20131996, -0.75969873, 0.61832687, -0.57606956, 0.60237100, 0.55253329, -0.79222101, -0.24496331, -0.55890862]
  cam_t_m2c: [245.38290135, 124.86761471, 1163.58708491]
  obj_bb: [435, 306, 116, 110]
  obj_id: 1
88:
- cam_R_m2c: [-0.30868924, 0.57817777, 0.75526248, -0.23123818, 0.72460105, -0.64921662, -0.92262661, -0.37505171, -0.08997977]
  cam_t_m2c: [83.78726278, -131.07199282, 1096.13884601]
  obj_bb: [364, 179, 116, 106]
  obj_id: 1
89:
- cam_R_m2c: [-0.35083834, -0.04045760, 0.93556167, -0.34971121, 0.93244507, -0.09081989, -0.86868552, -0.35903951, -0.34128595]
  cam_t_m2c: [212.27467668, -63.84202281, 1517.78145442]
  obj_bb: [392, 218, 76, 65]
  obj_id: 1
90:
- cam_R_m2c: [0.29684845, -0.62932163, -0.71821674, -0.41801076, -0.76186650, 0.49479940, -0.85857323, 0.15334189, -0.48922210]
  cam_t_m2c: [-68.53285503, 169.33057572, 1393.98930487]
  obj_bb: [290, 310, 91, 97]
  obj_id: 1
91:
- cam_R_m2c: [-0.34304642, -0.15108650, 0.92708792, -0.41758109, 0.90861684, -0.00643947, -0.84139478, -0.38934343, -0.37478862]
  cam_t_m2c: [136.57782447, 44.31912683, 1328.69864134]
  obj_bb: [370, 262, 88, 80]
  obj_id: 1
92:
- cam_R_m2c: [0.17660143, 0.81063800, -0.55828126, -0.03561695, -0.56156167, -0.82666796, -0.98363782, 0.16587502, -0.07030014]
  cam_t_m2c: [-118.18569881, 0.81947935, 1463.00627466]
  obj_bb: [274, 242, 93, 80]
  obj_id: 1
93:
- cam_R_m2c: [-0.10588525, 0.97925779, 0.17274978, -0.06187167, 0.16690164, -0.98403035, -0.99245162, -0.11488262, 0.04291590]
  cam_t_m2c: [-24.86152951, -44.37522591, 1275.42690767]
  obj_bb: [310, 230, 87, 86]
  obj_id: 1
94:
- cam_R_m2c: [-0.32622709, -0.29436313, 0.89829073, -0.43203797, 0.89165058, 0.13528646, -0.84078480, -0.34396160, -0.41805663]
  cam_t_m2c: [139.72516820, 55.82678385, 1340.66856577]
  obj_bb: [372, 267, 90, 86]
  obj_id: 1
95:
- cam_R_m2c: [-0.31124108, -0.38547033, 0.86864355, -0.49220254, 0.84728052, 0.19963062, -0.81293644, -0.36541531, -0.45343798]
  cam_t_m2c: [200.15473588, 161.93474200, 1529.67076055]
  obj_bb: [388, 302, 82, 79]
  obj_id: 1
96:
- cam_R_m2c: [-0.29858714, 0.62233030, 0.72356805, 0.00776079, 0.75971139, -0.65021410, -0.95435082, -0.18853010, -0.23166983]
  cam_t_m2c: [179.19846570, -87.81253939, 981.00789489]
  obj_bb: [422, 194, 128, 133]
  obj_id: 1
97:
- cam_R_m2c: [-0.17613784, -0.81146665, 0.55722288, -0.69550513, 0.50317951, 0.51291617, -0.69659750, -0.29720743, -0.65300817]
  cam_t_m2c: [120.93769581, 258.43751465, 941.38620540]
  obj_bb: [390, 402, 143, 140]
  obj_id: 1
98:
- cam_R_m2c: [0.27193867, -0.71647164, -0.64243113, -0.42480569, -0.68839846, 0.58791809, -0.86347523, 0.11303074, -0.49156340]
  cam_t_m2c: [-161.27129524, 192.76266806, 1428.14236887]
  obj_bb: [256, 316, 89, 95]
  obj_id: 1
99:
- cam_R_m2c: [0.07245149, 0.95194013, -0.29759160, 0.06272271, -0.30213393, -0.95119974, -0.99539773, 0.05025009, -0.08159832]
  cam_t_m2c: [-57.73261750, -145.09838342, 1333.99495715]
  obj_bb: [294, 184, 94, 83]
  obj_id: 1
100:
- cam_R_m2c: [0.27037698, -0.72121969, -0.63776049, -0.44736241, -0.68069062, 0.58010960, -0.85250405, 0.12846178, -0.50668966]
  cam_t_m2c: [66.51055520, 274.38969011, 1162.84453763]
  obj_bb: [347, 372, 110, 119]
  obj_id: 1
101:
- cam_R_m2c: [-0.18461823, -0.79494878, 0.57790358, -0.39886286, 0.59801325, 0.69518959, -0.89823412, -0.10215961, -0.42747969]
  cam_t_m2c: [239.05439572, -8.07369140, 1221.68589760]
  obj_bb: [427, 240, 110, 105]
  obj_id: 1
102:
- cam_R_m2c: [-0.30530621, -0.41651868, 0.85632956, -0.47159311, 0.84737839, 0.24402828, -0.82727750, -0.32933577, -0.45513722]
  cam_t_m2c: [196.88181185, -64.98463074, 1349.32183362]
  obj_bb: [396, 218, 92, 87]
  obj_id: 1
103:
- cam_R_m2c: [0.35434169, -0.07443942, -0.93214845, -0.42053288, -0.90302427, -0.08774539, -0.83522097, 0.42309093, -0.35128337]
  cam_t_m2c: [-105.23820758, 287.31357239, 924.96397243]
  obj_bb: [264, 418, 123, 123]
  obj_id: 1
104:
- cam_R_m2c: [0.35369668, -0.03630836, -0.93465521, -0.38808000, -0.91487813, -0.11131900, -0.85105380, 0.40209415, -0.33767991]
  cam_t_m2c: [-113.44222328, 281.44858379, 1006.03692219]
  obj_bb: [264, 402, 113, 115]
  obj_id: 1
105:
- cam_R_m2c: [0.28111951, 0.52402505, -0.80397113, -0.18237036, -0.79331854, -0.58085002, -0.94218516, 0.30990877, -0.12745068]
  cam_t_m2c: [-299.04220620, 84.26602820, 1194.84577727]
  obj_bb: [183, 280, 112, 96]
  obj_id: 1
106:
- cam_R_m2c: [0.34329391, 0.14833916, -0.92743991, -0.10455135, -0.97527673, -0.19469032, -0.93339076, 0.16380109, -0.31929751]
  cam_t_m2c: [-274.89244084, 157.42886750, 1417.57067527]
  obj_bb: [218, 301, 83, 74]
  obj_id: 1
107:
- cam_R_m2c: [-0.04420689, 0.99899870, 0.00688054, -0.06944902, 0.00379756, -0.99757827, -0.99660553, -0.04457768, 0.06921161]
  cam_t_m2c: [-151.59390556, -148.44408692, 1274.14665170]
  obj_bb: [254, 187, 81, 78]
  obj_id: 1
108:
- cam_R_m2c: [-0.03521805, -0.97882045, 0.20166858, -0.57444805, 0.18495300, 0.79737183, -0.81778306, -0.08776624, -0.56879518]
  cam_t_m2c: [205.18381629, 262.09143610, 1359.61601870]
  obj_bb: [404, 347, 89, 90]
  obj_id: 1
109:
- cam_R_m2c: [0.34020403, -0.37793358, -0.86106180, -0.20718650, -0.92330402, 0.32339365, -0.91724314, 0.06838056, -0.39241448]
  cam_t_m2c: [-176.00396637, 264.03073437, 1473.49409721]
  obj_bb: [254, 340, 83, 89]
  obj_id: 1
110:
- cam_R_m2c: [0.30435066, -0.59782583, -0.74160296, -0.44733851, -0.77704849, 0.44281362, -0.84098688, 0.19697695, -0.50392574]
  cam_t_m2c: [-324.56876310, 35.85708237, 1304.24091063]
  obj_bb: [182, 259, 95, 100]
  obj_id: 1
111:
- cam_R_m2c: [-0.33745184, -0.20662561, 0.91838560, -0.44726583, 0.89364713, 0.03671629, -0.82829918, -0.39837252, -0.39397945]
  cam_t_m2c: [195.03309892, 318.62450397, 855.63257663]
  obj_bb: [434, 430, 136, 97]
  obj_id: 1
112:
- cam_R_m2c: [-0.17551317, 0.91443944, 0.36468568, -0.13201971, 0.34522789, -0.92918701, -0.97558491, -0.21123026, 0.06013198]
  cam_t_m2c: [295.17436102, -33.25979861, 1334.11141736]
  obj_bb: [442, 233, 85, 86]
  obj_id: 1
113:
- cam_R_m2c: [-0.20254170, 0.87443646, 0.44083755, -0.10270693, 0.42871657, -0.89758197, -0.97387276, -0.22707485, 0.00297770]
  cam_t_m2c: [306.34944438, -19.58759380, 1467.54831301]
  obj_bb: [436, 238, 80, 81]
  obj_id: 1
114:
- cam_R_m2c: [0.16438160, 0.83297267, -0.52833249, 0.03711750, -0.54046274, -0.84054882, -0.98569822, 0.11856038, -0.11975999]
  cam_t_m2c: [43.82873275, -251.15937281, 1344.00844957]
  obj_bb: [336, 139, 101, 84]
  obj_id: 1
115:
- cam_R_m2c: [-0.26168831, 0.74632169, 0.61198298, -0.00432321, 0.63316632, -0.77400370, -0.96514276, -0.20519345, -0.16246572]
  cam_t_m2c: [-152.73833906, 49.61281862, 1478.58198726]
  obj_bb: [266, 260, 87, 89]
  obj_id: 1
116:
- cam_R_m2c: [0.32718659, 0.28769256, -0.90010107, -0.02552062, -0.94949080, -0.31275537, -0.94461507, 0.12530050, -0.30331856]
  cam_t_m2c: [62.14536559, 172.79679326, 1263.92758169]
  obj_bb: [350, 314, 97, 91]
  obj_id: 1
117:
- cam_R_m2c: [-0.24035721, -0.66091913, 0.71092498, -0.47318609, 0.71925853, 0.50868663, -0.84753958, -0.21413332, -0.48561671]
  cam_t_m2c: [1.78675349, -99.90952915, 1468.64671954]
  obj_bb: [320, 208, 92, 85]
  obj_id: 1
118:
- cam_R_m2c: [0.14193663, 0.86965994, -0.47280606, 0.10599004, -0.48824793, -0.86624481, -0.98418499, 0.07283914, -0.16147556]
  cam_t_m2c: [-51.63916931, 186.54632048, 1380.00449228]
  obj_bb: [298, 314, 96, 90]
  obj_id: 1
119:
- cam_R_m2c: [-0.31985841, -0.33578219, 0.88596892, -0.48275833, 0.86236511, 0.15254772, -0.81525149, -0.37891521, -0.43793638]
  cam_t_m2c: [-54.99902698, -57.58073566, 1501.61817030]
  obj_bb: [296, 223, 84, 76]
  obj_id: 1
120:
- cam_R_m2c: [-0.19758573, 0.88251677, 0.42675992, -0.20609754, 0.38821442, -0.89822790, -0.95837554, -0.26543119, 0.10517890]
  cam_t_m2c: [60.31198682, -180.41610134, 1320.01369440]
  obj_bb: [346, 171, 91, 80]
  obj_id: 1
121:
- cam_R_m2c: [-0.06169765, -0.96087814, 0.27001222, -0.53591965, 0.26011500, 0.80320005, -0.84201160, -0.09514930, -0.53100196]
  cam_t_m2c: [181.76261599, 312.77203806, 1417.64358424]
  obj_bb: [392, 362, 88, 88]
  obj_id: 1
122:
- cam_R_m2c: [0.21888269, 0.71836143, -0.66033871, -0.17177122, -0.63781244, -0.75079288, -0.96051289, 0.27776275, -0.01621229]
  cam_t_m2c: [-290.29842964, -47.93996794, 1224.76867735]
  obj_bb: [190, 222, 111, 89]
  obj_id: 1
123:
- cam_R_m2c: [-0.29767047, -0.45340764, 0.84012725, -0.31171579, 0.87794822, 0.36337334, -0.90234448, -0.15371541, -0.40267358]
  cam_t_m2c: [325.80581170, 80.93095775, 1464.99668289]
  obj_bb: [439, 273, 86, 84]
  obj_id: 1
124:
- cam_R_m2c: [-0.33979102, -0.18468750, 0.92218902, -0.44145603, 0.89712168, 0.01700776, -0.83045688, -0.40132682, -0.38636530]
  cam_t_m2c: [328.04353763, 40.44008871, 1157.84922785]
  obj_bb: [467, 264, 100, 93]
  obj_id: 1
125:
- cam_R_m2c: [0.31206255, 0.38106658, -0.87029031, -0.19216515, -0.87178474, -0.45062615, -0.93042438, 0.30786301, -0.19882365]
  cam_t_m2c: [166.27967167, 180.64861942, 1174.22202928]
  obj_bb: [400, 325, 107, 98]
  obj_id: 1
126:
- cam_R_m2c: [0.35261236, -0.20436310, -0.91318139, -0.29805877, -0.94956384, 0.09741395, -0.88703185, 0.23783236, -0.39574016]
  cam_t_m2c: [200.37631752, 57.07467355, 1131.76926562]
  obj_bb: [416, 274, 108, 105]
  obj_id: 1
127:
- cam_R_m2c: [-0.34796544, -0.08895974, 0.93327714, -0.27635986, 0.96098616, -0.01143776, -0.89584892, -0.26190029, -0.35897487]
  cam_t_m2c: [-192.01865997, -9.36045907, 1060.97281131]
  obj_bb: [215, 238, 112, 98]
  obj_id: 1
128:
- cam_R_m2c: [-0.19968324, 0.87912844, 0.43273524, -0.05837975, 0.43017089, -0.90085782, -0.97811983, -0.20514918, -0.03457462]
  cam_t_m2c: [-128.48930411, 217.06173438, 1416.79396145]
  obj_bb: [272, 329, 88, 90]
  obj_id: 1
129:
- cam_R_m2c: [0.34489569, 0.12970979, -0.92963559, -0.01476023, -0.98953396, -0.14354332, -0.93852496, 0.06322911, -0.33937145]
  cam_t_m2c: [189.50763706, 86.00473842, 1410.53829389]
  obj_bb: [397, 273, 84, 76]
  obj_id: 1
130:
- cam_R_m2c: [-0.05490536, 0.99786417, 0.03539072, 0.08852880, 0.04016959, -0.99526331, -0.99455923, -0.05151219, -0.09054525]
  cam_t_m2c: [29.00751022, 222.20060929, 1175.54691095]
  obj_bb: [332, 352, 89, 100]
  obj_id: 1
131:
- cam_R_m2c: [-0.09239749, -0.93280537, 0.34833440, -0.46928254, 0.34933686, 0.81101027, -0.87820077, -0.08853194, -0.47002712]
  cam_t_m2c: [-97.11252429, -116.44302717, 1129.68860260]
  obj_bb: [276, 188, 113, 109]
  obj_id: 1
132:
- cam_R_m2c: [-0.35101093, 0.24064134, 0.90492158, -0.05439610, 0.95954069, -0.27626568, -0.93479002, -0.14619648, -0.32371932]
  cam_t_m2c: [-157.50597636, 100.70264080, 1472.30934388]
  obj_bb: [260, 276, 83, 82]
  obj_id: 1
133:
- cam_R_m2c: [0.16169393, -0.93139052, -0.32613919, -0.53366680, -0.36052210, 0.76499906, -0.83009326, 0.05035395, -0.55534643]
  cam_t_m2c: [26.71449970, -118.35782669, 1162.60078807]
  obj_bb: [329, 184, 102, 103]
  obj_id: 1
134:
- cam_R_m2c: [-0.20669392, 0.86740933, 0.45263527, -0.10561278, 0.44014206, -0.89169553, -0.97268883, -0.23211211, 0.00063482]
  cam_t_m2c: [-52.20489101, 235.95698140, 1430.17416799]
  obj_bb: [302, 336, 87, 89]
  obj_id: 1
135:
- cam_R_m2c: [0.21629726, -0.85020148, -0.47997180, -0.63923063, -0.49491107, 0.58859769, -0.73796999, 0.17950061, -0.65052274]
  cam_t_m2c: [-207.80097928, 323.05911021, 1004.19608964]
  obj_bb: [202, 416, 124, 126]
  obj_id: 1
136:
- cam_R_m2c: [0.31933818, 0.33887579, -0.88497815, -0.20784678, -0.88608924, -0.41430131, -0.92456630, 0.31624209, -0.21252788]
  cam_t_m2c: [-298.60027462, -61.28390642, 1347.45806748]
  obj_bb: [200, 216, 95, 77]
  obj_id: 1
137:
- cam_R_m2c: [-0.30323295, -0.42684746, 0.85196891, -0.41415232, 0.86424262, 0.28559157, -0.85821188, -0.26624413, -0.43884671]
  cam_t_m2c: [283.00087723, 223.77275024, 1058.68823374]
  obj_bb: [461, 362, 118, 117]
  obj_id: 1
138:
- cam_R_m2c: [-0.27443852, 0.70871828, 0.64992454, -0.01340956, 0.67298869, -0.73953121, -0.96151115, -0.21167105, -0.17519042]
  cam_t_m2c: [261.75641235, -150.02640052, 1390.04957804]
  obj_bb: [425, 183, 90, 92]
  obj_id: 1
139:
- cam_R_m2c: [0.31987828, -0.52112310, -0.79127024, -0.41064693, -0.82888678, 0.37988920, -0.85384248, 0.20341439, -0.47914048]
  cam_t_m2c: [-303.52887609, 191.92882167, 1371.29182231]
  obj_bb: [197, 320, 90, 97]
  obj_id: 1
140:
- cam_R_m2c: [-0.33816019, 0.39622874, 0.85361026, -0.24527958, 0.83858793, -0.48642390, -0.90856239, -0.37386236, -0.18639024]
  cam_t_m2c: [-134.48591263, 157.51797380, 1212.08123173]
  obj_bb: [260, 314, 103, 103]
  obj_id: 1
141:
- cam_R_m2c: [-0.08671278, 0.98888800, 0.12075357, 0.20449295, 0.13629706, -0.96933263, -0.97501976, -0.05936027, -0.21403932]
  cam_t_m2c: [4.18087287, 188.73582144, 1263.17754473]
  obj_bb: [322, 328, 84, 94]
  obj_id: 1
142:
- cam_R_m2c: [0.35354574, -0.17490446, -0.91891993, -0.41391259, -0.91020901, 0.01399750, -0.83885742, 0.37540377, -0.39419568]
  cam_t_m2c: [151.03529262, 36.71341944, 1068.60848554]
  obj_bb: [398, 266, 113, 106]
  obj_id: 1
143:
- cam_R_m2c: [0.24554312, -0.78808218, -0.56447768, -0.62866315, -0.57270685, 0.52610788, -0.73789648, 0.22568415, -0.63606245]
  cam_t_m2c: [75.84669326, -40.42019967, 1152.96957485]
  obj_bb: [352, 226, 110, 104]
  obj_id: 1
144:
- cam_R_m2c: [0.13644370, 0.87779803, -0.45918812, 0.00280275, -0.46386326, -0.88590238, -0.99064386, 0.11958881, -0.06575147]
  cam_t_m2c: [99.48355282, 186.68684183, 1054.65675246]
  obj_bb: [370, 339, 127, 118]
  obj_id: 1
145:
- cam_R_m2c: [0.34918519, -0.27251922, -0.89655060, -0.41891062, -0.90124331, 0.11078989, -0.83820260, 0.33688838, -0.42886201]
  cam_t_m2c: [182.13258715, -14.68486615, 1035.63462112]
  obj_bb: [414, 240, 119, 112]
  obj_id: 1
146:
- cam_R_m2c: [-0.17991408, 0.90856829, 0.37700740, -0.04518810, 0.37522299, -0.92583246, -0.98264386, -0.18360654, -0.02645142]
  cam_t_m2c: [-39.86180923, 265.05463006, 1000.05197264]
  obj_bb: [300, 394, 122, 132]
  obj_id: 1
147:
- cam_R_m2c: [-0.32770213, 0.47402517, 0.81725850, -0.14377684, 0.82992792, -0.53902492, -0.93377703, -0.29414246, -0.20381530]
  cam_t_m2c: [-155.58865551, 193.92911475, 1463.99399949]
  obj_bb: [264, 314, 86, 90]
  obj_id: 1
148:
- cam_R_m2c: [0.00888305, -0.99620606, 0.08657126, -0.60973901, 0.06322146, 0.79007683, -0.79255248, -0.05980417, -0.60686409]
  cam_t_m2c: [-64.88527042, -130.58770296, 1171.18490996]
  obj_bb: [293, 181, 94, 96]
  obj_id: 1
149:
- cam_R_m2c: [0.08146206, 0.94372881, -0.32053060, 0.18063578, -0.33025323, -0.92644672, -0.98017072, 0.01757096, -0.19737430]
  cam_t_m2c: [113.27580842, 208.39454817, 1491.14115724]
  obj_bb: [360, 318, 85, 83]
  obj_id: 1
150:
- cam_R_m2c: [-0.09829158, 0.98346098, 0.15212913, 0.09383895, 0.16134775, -0.98242616, -0.99072348, -0.08228858, -0.10814607]
  cam_t_m2c: [-59.31313094, 183.24102838, 1483.86997134]
  obj_bb: [298, 314, 73, 79]
  obj_id: 1
151:
- cam_R_m2c: [0.27790735, -0.69759131, -0.66040432, -0.54676502, -0.68012745, 0.48833868, -0.78981992, 0.22537308, -0.57043095]
  cam_t_m2c: [127.05432919, 4.87029266, 1391.78689355]
  obj_bb: [366, 246, 93, 91]
  obj_id: 1
152:
- cam_R_m2c: [-0.26269503, 0.74351905, 0.61495589, -0.21237686, 0.57715370, -0.78853642, -0.94121591, -0.33774700, 0.00629083]
  cam_t_m2c: [-121.74083268, 168.66905953, 941.18229360]
  obj_bb: [252, 346, 137, 140]
  obj_id: 1
153:
- cam_R_m2c: [-0.33207783, -0.25154871, 0.90909161, -0.24242152, 0.95417102, 0.17546931, -0.91156795, -0.16211390, -0.37783986]
  cam_t_m2c: [-130.64612345, -42.57767634, 1269.95216483]
  obj_bb: [258, 224, 96, 90]
  obj_id: 1
154:
- cam_R_m2c: [-0.21320128, -0.73229074, 0.64675767, -0.34103427, 0.67611912, 0.65311451, -0.91555494, -0.08132168, -0.39388570]
  cam_t_m2c: [-72.73978625, -115.73380730, 1307.85479163]
  obj_bb: [290, 195, 103, 98]
  obj_id: 1
155:
- cam_R_m2c: [-0.17438341, -0.81479069, 0.55290737, -0.47933274, 0.56073254, 0.67514379, -0.86013403, -0.14729273, -0.48833831]
  cam_t_m2c: [121.18930808, 254.04552068, 1046.14000429]
  obj_bb: [384, 378, 129, 124]
  obj_id: 1
156:
- cam_R_m2c: [-0.27726102, 0.69971284, 0.65842864, -0.16427471, 0.64068106, -0.75002773, -0.94664679, -0.31611663, -0.06269076]
  cam_t_m2c: [197.20990268, -60.71594625, 1108.77344651]
  obj_bb: [420, 215, 114, 110]
  obj_id: 1
157:
- cam_R_m2c: [-0.33544707, -0.22408798, 0.91501904, -0.50362796, 0.86350357, 0.02684124, -0.79613701, -0.45182536, -0.40251672]
  cam_t_m2c: [236.16830539, 163.39864240, 1148.47337951]
  obj_bb: [425, 324, 102, 98]
  obj_id: 1
158:
- cam_R_m2c: [0.34860287, -0.28141962, -0.89402407, -0.42349362, -0.89823177, 0.11761311, -0.83613945, 0.33761322, -0.43230559]
  cam_t_m2c: [-246.59689104, 120.20480883, 1071.52801923]
  obj_bb: [197, 309, 110, 114]
  obj_id: 1
159:
- cam_R_m2c: [0.04686209, 0.97162745, -0.23182760, 0.05899989, -0.23436972, -0.97035553, -0.99715744, 0.03179509, -0.06830897]
  cam_t_m2c: [-30.86025393, -176.24927144, 1615.43856815]
  obj_bb: [308, 184, 75, 68]
  obj_id: 1
160:
- cam_R_m2c: [-0.28181609, -0.52119023, 0.80556839, -0.59436229, 0.75393308, 0.27985421, -0.75320194, -0.39993206, -0.52224629]
  cam_t_m2c: [1.60280854, 279.55716762, 974.67420977]
  obj_bb: [318, 407, 133, 134]
  obj_id: 1
161:
- cam_R_m2c: [-0.21636988, 0.85006583, 0.48017929, -0.19847677, 0.44326112, -0.87414333, -0.95592419, -0.28444272, 0.07280996]
  cam_t_m2c: [211.59619693, 97.79444284, 1116.82557798]
  obj_bb: [426, 296, 108, 109]
  obj_id: 1
162:
- cam_R_m2c: [-0.28692376, -0.50046248, 0.81683050, -0.55919499, 0.77982928, 0.28136678, -0.77780185, -0.37603670, -0.50360766]
  cam_t_m2c: [6.70900217, 275.63908269, 956.61944487]
  obj_bb: [320, 407, 135, 136]
  obj_id: 1
163:
- cam_R_m2c: [0.17448876, -0.91579675, -0.36175957, -0.56841459, -0.39368092, 0.72244044, -0.80402644, 0.07957168, -0.58924513]
  cam_t_m2c: [-209.38529429, 89.52043817, 1480.24671648]
  obj_bb: [240, 273, 81, 84]
  obj_id: 1
164:
- cam_R_m2c: [-0.15524358, -0.84852416, 0.50587171, -0.61566922, 0.48357206, 0.62218123, -0.77256123, -0.21486000, -0.59748166]
  cam_t_m2c: [-93.58269184, 248.32782299, 1292.57504927]
  obj_bb: [282, 352, 103, 100]
  obj_id: 1
165:
- cam_R_m2c: [0.35199943, -0.21965501, -0.90986157, -0.32568758, -0.94007279, 0.10094926, -0.87751011, 0.26079653, -0.40244400]
  cam_t_m2c: [-114.78406974, 213.96120373, 1210.84255217]
  obj_bb: [270, 342, 98, 101]
  obj_id: 1
166:
- cam_R_m2c: [0.34207416, -0.35990431, -0.86801737, -0.44262872, -0.87655831, 0.18901150, -0.82889389, 0.31955347, -0.45915193]
  cam_t_m2c: [-90.36620830, 239.16450649, 1144.80139748]
  obj_bb: [276, 362, 106, 113]
  obj_id: 1
167:
- cam_R_m2c: [0.20771040, 0.74524641, -0.63361201, -0.13699412, -0.61919303, -0.77319635, -0.96854995, 0.24740204, -0.02651846]
  cam_t_m2c: [-194.27155467, 66.54136602, 1224.22411212]
  obj_bb: [232, 272, 111, 95]
  obj_id: 1
168:
- cam_R_m2c: [-0.28216500, 0.68344801, 0.67326200, -0.28184790, 0.61175484, -0.73913312, -0.91703036, -0.39831498, 0.02001259]
  cam_t_m2c: [18.62612831, -65.42469319, 1160.34806532]
  obj_bb: [332, 215, 111, 98]
  obj_id: 1
169:
- cam_R_m2c: [0.04646368, -0.99883685, -0.01288696, -0.60173902, -0.03828443, 0.79777469, -0.79734013, -0.02931296, -0.60281794]
  cam_t_m2c: [125.12537061, 202.70767117, 1433.51189205]
  obj_bb: [370, 316, 75, 81]
  obj_id: 1
170:
- cam_R_m2c: [0.02233006, -0.99844497, 0.05107840, -0.72198594, 0.01923580, 0.69164028, -0.69154730, -0.05232226, -0.72043370]
  cam_t_m2c: [-48.61363472, -125.64836137, 1181.04456886]
  obj_bb: [301, 186, 92, 89]
  obj_id: 1
171:
- cam_R_m2c: [0.29889399, -0.62100743, -0.72457722, -0.40576354, -0.76993446, 0.49250064, -0.86372353, 0.14680153, -0.48211096]
  cam_t_m2c: [163.31776868, -125.69525016, 1268.63141887]
  obj_bb: [387, 189, 102, 102]
  obj_id: 1
172:
- cam_R_m2c: [0.35443959, -0.11982916, -0.92736915, -0.26201686, -0.96475182, 0.02451694, -0.89761893, 0.23429658, -0.37334351]
  cam_t_m2c: [233.05437739, -8.39189150, 1293.57463868]
  obj_bb: [420, 241, 93, 88]
  obj_id: 1
173:
